IID	SIM1	SIM2	SIM3	SIM4	SIM5	SIM6	SIM7	SIM8	SIM9	SIM10	SIM11	SIM12	SIM13	SIM14	SIM15	SIM16	SIM17	SIM18	SIM19	SIM20	SIM21	SIM22	SIM23	SIM24	SIM25	SIM26	SIM27	SIM28	SIM29	SIM30	SIM31	SIM32	SIM33	SIM34	SIM35	SIM36	SIM37	SIM38	SIM39	SIM40	SIM41	SIM42	SIM43	SIM44	SIM45	SIM46	SIM47	SIM48	SIM49	SIM50
HG00096	1	1	2	1	1	2	2	2	2	1	2	2	1	2	2	1	2	2	2	2	2	2	2	1	1	2	1	2	2	1	2	2	2	1	1	2	1	1	1	2	2	2	2	1	1	2	2	2	2	2
HG00097	1	2	2	2	2	2	1	1	1	1	1	1	1	2	1	1	1	1	2	1	1	1	1	1	1	2	1	2	2	2	1	2	1	1	2	1	1	1	2	2	2	1	1	1	2	2	2	2	1	2
HG00099	1	2	1	2	2	1	1	1	1	2	1	1	1	2	2	2	1	2	1	2	2	1	2	1	1	2	2	2	1	1	2	1	2	1	2	2	1	2	1	2	2	2	2	2	2	1	1	2	1	2
HG00101	2	1	2	1	2	1	1	1	2	2	1	1	2	1	2	1	1	1	1	1	1	1	2	1	2	1	1	2	2	1	2	1	1	1	1	2	2	1	2	2	2	1	1	1	2	2	2	1	2	2
HG00102	2	2	2	2	1	2	2	2	1	2	1	2	1	2	2	2	2	1	2	1	2	2	2	2	2	2	2	1	2	1	1	2	2	1	1	1	1	2	2	1	2	1	1	2	1	2	2	1	2	1
HG00103	1	2	1	1	1	2	2	2	2	1	1	1	2	1	1	2	2	1	1	1	1	2	2	2	1	1	1	2	2	2	2	1	2	1	2	1	1	2	2	2	2	2	2	2	1	2	1	1	2	2
HG00105	1	2	1	1	1	1	1	1	1	1	2	1	2	2	1	2	2	1	1	2	1	1	2	2	2	1	2	2	2	1	1	2	2	2	2	2	1	1	1	1	1	1	2	2	2	2	2	2	2	1
HG00107	2	1	2	2	2	2	2	1	2	2	2	2	1	1	1	1	1	1	2	1	1	2	1	2	1	2	2	1	2	2	1	2	1	2	2	2	1	1	2	2	1	2	1	1	1	2	1	1	2	1
HG00108	1	1	2	2	1	1	1	2	2	2	2	1	1	1	2	2	2	2	2	1	2	1	1	1	1	2	2	1	1	2	2	1	1	1	2	2	2	2	2	2	2	1	2	1	1	2	2	2	1	2
HG00109	1	2	2	2	1	1	2	1	1	2	2	2	1	1	2	1	1	1	2	2	2	2	1	2	2	1	2	1	1	1	2	2	2	2	1	2	1	1	2	1	1	2	1	1	1	2	2	1	1	2
HG00110	2	2	1	1	1	1	2	2	1	2	1	1	2	1	1	1	2	1	2	1	2	1	1	2	1	1	2	1	1	2	1	2	2	2	1	2	2	2	2	1	1	2	1	2	1	2	2	2	2	2
HG00111	2	2	2	2	2	1	1	2	1	1	1	2	2	2	2	1	2	2	1	2	2	2	1	2	1	2	1	1	2	2	2	1	1	2	1	2	2	1	2	2	1	1	1	1	2	2	1	2	2	2
HG00112	1	1	2	2	2	1	2	1	2	1	2	2	1	2	2	1	1	2	1	1	1	2	2	1	2	2	2	1	1	1	2	1	2	1	1	1	1	2	2	1	1	1	1	1	1	2	1	1	1	1
HG00113	1	1	1	1	1	2	1	2	2	1	1	1	2	1	2	2	1	1	1	2	2	1	1	2	1	1	1	1	1	2	2	2	1	2	2	1	1	2	2	2	1	1	1	2	1	1	2	1	1	2
HG00114	1	1	2	1	2	1	1	2	1	1	1	1	2	2	2	1	1	2	1	1	2	2	2	2	2	2	1	1	2	1	2	1	2	2	2	2	1	1	2	1	1	2	1	1	2	1	2	1	2	1
HG00115	1	2	1	2	1	1	1	1	1	2	2	2	2	2	1	1	2	2	2	1	1	1	1	1	1	1	2	1	2	1	2	2	1	1	1	1	1	2	1	2	1	2	2	1	1	2	2	1	2	1
HG00118	1	2	1	2	1	1	1	2	1	1	2	1	1	2	1	2	1	1	1	1	2	1	2	1	2	1	1	2	2	2	2	1	1	2	1	1	1	2	2	1	1	1	1	2	2	1	1	1	2	1
HG00119	2	2	1	2	1	2	1	2	2	1	1	2	2	2	1	2	1	2	2	2	1	1	1	1	2	1	2	1	1	1	2	2	2	1	1	2	1	2	1	2	1	1	2	2	1	1	1	1	2	1
HG00120	2	1	1	1	2	2	1	1	2	2	2	1	1	1	1	1	1	1	1	1	1	2	1	1	2	1	1	2	2	2	2	2	1	1	2	2	1	2	1	1	1	2	1	1	2	2	2	1	2	1
HG00121	1	1	2	1	1	2	2	1	1	1	1	2	1	2	1	2	1	1	2	1	2	2	2	2	2	1	1	1	1	2	2	1	2	2	2	1	1	2	1	1	2	2	1	1	1	1	2	2	2	1
HG00122	2	1	2	1	2	1	1	1	2	1	1	2	1	2	1	2	1	1	1	2	1	2	2	1	2	1	1	2	1	1	2	1	1	1	2	2	1	2	1	1	1	2	1	2	2	1	2	2	2	1
HG00125	2	2	2	2	1	2	1	1	2	2	2	1	2	2	1	2	2	2	2	1	2	2	2	2	2	1	2	1	2	2	2	1	1	1	2	2	2	2	1	1	2	2	1	2	1	2	2	1	2	2
HG00126	1	2	2	1	1	1	2	2	2	1	2	2	2	2	1	1	2	2	1	2	1	2	2	2	2	1	2	1	2	2	2	2	2	1	2	1	2	2	1	1	2	2	1	2	1	2	1	2	2	2
HG00127	1	1	2	1	1	2	2	2	2	2	1	1	1	1	2	2	2	2	1	2	2	2	1	1	2	1	1	1	2	2	1	1	2	1	2	1	2	2	1	2	2	1	2	1	2	1	2	1	2	1
HG00128	2	2	1	2	1	2	2	2	2	1	1	1	2	2	2	1	2	1	1	1	2	2	1	1	2	2	1	1	1	1	2	1	2	2	1	1	2	1	1	1	2	2	1	2	2	2	1	2	2	1
HG00129	2	2	1	2	2	2	1	2	2	1	2	1	2	1	1	1	1	1	2	2	1	2	2	2	1	2	2	1	1	2	1	2	1	2	1	2	1	2	2	2	2	1	1	2	1	1	2	1	2	2
HG00130	2	2	1	1	1	1	2	2	1	2	1	2	1	1	2	2	1	2	1	2	2	1	1	1	2	1	2	1	2	2	2	2	2	2	2	2	2	2	2	1	2	2	1	1	1	2	2	2	2	1
HG00131	1	1	2	1	2	2	1	2	1	2	2	2	1	1	2	2	2	2	1	2	1	1	1	2	1	1	2	1	1	1	1	1	1	1	1	2	2	2	1	1	2	1	2	2	1	2	2	2	2	2
HG00132	1	2	2	2	1	2	1	2	1	2	2	1	1	2	1	1	2	1	1	1	2	2	2	2	2	1	1	1	2	2	2	2	2	2	2	2	1	1	1	1	1	2	2	2	1	1	1	2	1	2
HG00133	1	2	1	1	2	2	2	2	2	2	1	2	2	2	1	1	1	1	2	2	1	1	2	2	2	2	1	1	1	2	1	2	2	2	2	2	2	1	1	1	2	2	2	2	2	1	2	2	1	2
HG00136	1	1	1	1	2	1	1	2	1	1	1	2	1	2	2	2	1	2	2	2	1	1	1	1	2	1	1	2	1	2	1	2	1	2	2	2	2	2	2	2	2	2	1	2	1	1	1	1	1	1
HG00137	2	2	1	2	1	2	1	2	2	2	1	1	2	2	1	1	2	2	1	2	2	1	2	1	2	2	1	1	2	1	2	2	2	2	2	2	2	2	2	2	2	1	1	2	1	1	2	2	2	1
HG00138	2	2	1	1	2	2	1	1	2	1	2	1	1	1	2	1	1	1	1	1	1	2	1	2	2	1	2	2	1	1	1	2	2	1	1	2	2	2	1	2	2	1	2	1	2	1	2	1	1	1
HG00139	2	1	2	2	2	2	2	2	1	1	2	1	2	2	2	2	1	1	1	1	2	2	1	2	1	1	2	2	2	1	2	2	1	2	2	1	2	2	2	2	2	1	1	2	2	1	1	1	1	1
HG00140	2	2	2	1	2	1	1	1	2	1	1	2	1	1	2	2	2	2	1	2	2	2	1	2	2	2	2	2	1	2	1	2	2	1	2	2	1	2	2	2	1	2	1	1	1	1	1	2	1	2
HG00141	1	1	1	1	1	2	1	1	1	2	2	2	2	2	1	1	1	2	2	1	1	2	1	2	1	2	2	1	2	1	2	1	1	2	2	1	1	2	1	1	1	2	1	2	2	2	2	1	1	1
HG00142	2	2	2	2	2	1	1	1	1	1	2	1	2	2	1	1	1	1	1	2	2	2	2	1	1	1	1	2	2	1	1	2	1	2	1	2	2	1	2	2	2	2	2	1	1	1	2	2	1	1
HG00143	2	2	2	2	1	1	2	2	1	1	1	2	2	1	2	1	1	2	2	2	2	2	2	2	1	1	1	1	2	2	1	1	2	2	2	1	1	2	1	2	2	2	1	2	2	2	2	1	2	1
HG00145	1	2	2	1	1	1	2	1	2	1	1	1	2	2	2	1	1	1	2	1	2	1	2	2	1	2	1	1	2	2	1	2	1	2	2	1	1	2	2	1	1	1	1	2	2	2	2	2	1	1
HG00146	2	1	2	2	1	2	1	1	2	1	1	2	1	1	1	2	2	1	2	2	1	2	1	2	2	1	1	1	1	2	1	1	2	1	1	1	1	2	2	1	1	1	2	1	2	2	1	2	2	2
HG00148	2	2	1	2	1	1	1	1	2	1	2	2	1	1	2	1	1	2	2	2	1	1	2	2	2	2	1	2	2	1	2	1	1	2	2	2	2	1	2	2	2	2	2	1	1	1	1	2	1	2
HG00149	1	1	2	1	2	2	1	2	1	2	2	1	1	2	1	1	2	1	2	2	2	2	1	1	2	1	2	2	2	2	1	2	2	1	2	1	2	1	1	2	1	1	2	2	2	1	1	2	1	1
HG00150	2	2	2	1	2	2	1	2	1	1	2	2	1	2	2	1	2	1	2	2	2	1	1	1	2	2	1	2	2	2	2	1	2	2	2	2	1	2	2	2	1	1	2	2	1	1	2	1	2	1
HG00151	1	1	2	2	2	1	2	2	1	1	2	2	1	1	2	2	1	1	1	2	1	1	2	1	2	1	2	1	2	1	2	1	2	1	1	2	2	1	1	2	2	1	1	1	1	2	2	1	1	2
HG00154	2	1	2	2	1	2	1	2	1	2	2	1	1	2	2	2	2	1	2	2	2	1	2	2	2	1	1	2	1	1	2	2	2	2	2	1	1	1	1	2	2	1	2	2	1	1	2	2	1	2
HG00155	1	2	1	1	2	1	2	1	1	1	2	2	2	1	1	2	1	2	1	1	2	2	2	1	2	1	2	2	2	1	1	1	2	1	1	2	2	1	2	2	2	2	2	1	2	1	1	2	2	1
HG00157	1	1	2	2	1	2	2	2	2	1	2	2	2	1	1	2	2	1	2	1	1	2	1	2	1	2	1	2	2	1	1	1	2	2	2	1	2	1	1	2	1	2	1	2	1	1	1	1	1	2
HG00158	1	1	1	1	1	1	1	2	1	1	1	1	1	2	2	2	1	1	1	2	1	2	2	1	2	2	1	1	1	1	1	1	2	1	1	1	1	2	2	1	2	2	2	2	2	1	1	2	2	1
HG00159	2	2	1	1	2	2	2	2	2	2	2	1	2	1	2	2	2	2	2	2	2	1	1	2	1	2	1	1	1	1	1	2	1	2	1	2	2	1	1	1	2	1	1	1	2	1	1	2	2	1
HG00160	1	2	1	2	2	1	2	2	1	2	2	1	2	2	2	2	2	2	1	1	1	1	2	1	2	1	1	2	2	1	2	2	2	2	1	1	1	2	2	1	1	1	1	2	1	2	2	1	2	1
HG00171	1	2	1	1	2	1	2	1	1	1	2	1	1	2	1	2	2	2	1	2	1	2	1	1	1	1	1	2	2	1	2	2	1	2	2	1	2	1	1	1	1	2	1	2	1	1	2	2	1	2
HG00173	1	1	2	1	1	1	1	2	1	2	1	2	2	2	1	1	1	2	2	2	2	1	1	2	2	2	1	1	2	1	1	2	1	1	1	1	2	1	2	2	2	2	2	1	2	2	1	1	1	2
HG00174	1	2	2	1	1	2	1	2	1	1	1	2	1	1	1	1	1	1	2	1	2	2	2	1	2	2	2	2	2	2	1	2	1	2	1	1	2	1	2	1	1	2	2	1	2	2	1	1	2	2
HG00176	2	2	2	2	1	2	2	2	1	1	2	2	2	2	2	1	2	2	2	1	1	2	1	2	2	2	2	1	2	1	1	2	1	1	1	1	1	1	1	2	2	2	2	1	1	2	2	1	1	1
HG00177	2	1	1	2	1	1	1	2	1	2	1	2	2	2	2	2	1	1	2	1	2	1	2	2	2	2	1	1	2	2	2	1	1	1	2	1	1	2	2	2	1	2	2	2	2	2	1	2	2	2
HG00178	1	1	1	1	1	1	2	2	2	2	2	2	2	2	2	2	1	2	1	1	2	2	1	1	1	1	1	2	2	1	2	1	1	1	2	1	1	1	2	2	2	2	2	1	1	1	2	1	2	2
HG00179	1	1	1	2	2	1	2	2	1	2	2	2	2	2	1	2	1	1	2	1	2	2	2	2	1	1	1	2	2	1	1	2	2	2	1	1	1	2	1	2	1	2	1	1	2	2	2	2	2	1
HG00180	2	1	2	2	2	2	2	2	1	1	1	2	1	1	1	2	1	2	1	2	2	1	2	1	1	1	1	1	1	2	2	1	1	2	1	1	1	2	2	1	1	1	2	2	2	1	1	2	1	2
HG00181	1	1	2	2	1	2	2	1	1	1	2	1	2	1	2	1	1	1	1	1	1	1	1	1	1	2	1	2	1	2	1	2	1	1	1	1	1	2	2	1	1	1	1	2	2	2	2	2	1	1
HG00182	2	2	1	1	1	2	1	1	2	1	1	1	1	1	2	1	1	1	2	2	2	1	1	2	2	2	2	2	2	2	2	2	2	2	2	2	2	2	1	2	2	2	1	1	1	1	2	2	1	1
HG00183	1	1	1	2	1	1	2	2	2	2	2	1	1	2	2	2	2	1	1	1	1	2	1	1	1	1	1	2	2	2	2	1	1	1	1	1	2	1	2	2	2	2	1	2	1	2	1	1	2	1
HG00185	2	1	2	2	1	1	2	1	2	1	2	2	2	1	2	2	2	2	2	2	2	2	1	1	1	2	1	2	2	2	1	2	2	2	2	2	2	1	1	2	1	2	1	1	1	2	1	2	2	2
HG00186	1	2	2	2	1	2	2	2	1	1	2	2	2	1	2	1	2	2	2	1	1	1	2	1	1	2	2	2	2	2	2	1	2	2	1	2	1	2	2	1	2	1	1	2	1	2	2	1	1	2
HG00187	1	2	2	1	1	1	1	1	2	1	1	2	2	1	2	1	1	1	1	1	2	2	2	2	1	1	2	1	1	1	2	2	1	1	2	1	2	1	1	1	2	2	1	1	2	2	1	1	1	1
HG00188	1	1	1	1	2	1	1	2	1	1	1	1	1	2	1	2	1	1	1	2	2	2	2	1	2	1	2	2	2	1	1	1	1	2	2	1	2	1	1	2	1	1	2	1	1	2	1	2	1	1
HG00189	2	1	2	2	2	2	1	2	1	1	2	1	1	1	1	2	2	1	1	1	1	2	1	2	2	2	2	2	2	1	1	1	1	1	1	2	1	2	2	2	2	1	2	2	1	1	1	1	1	2
HG00190	1	2	2	1	2	2	2	1	1	1	1	2	1	1	1	2	2	2	1	2	2	1	2	1	1	1	2	1	1	2	1	1	1	2	1	2	2	1	1	2	2	1	2	2	2	2	2	2	2	2
HG00231	2	2	2	1	1	2	1	1	2	2	2	1	1	2	1	1	2	2	2	1	2	2	2	1	2	2	2	2	1	1	2	1	2	1	1	1	2	2	2	2	1	1	2	1	1	1	1	1	2	1
HG00232	2	1	1	2	2	1	1	2	2	2	2	1	1	1	2	1	1	2	1	1	2	2	1	1	2	2	2	2	2	1	1	2	2	2	2	1	1	2	1	2	2	1	2	2	2	2	1	2	1	2
HG00233	2	2	2	1	1	2	2	1	2	1	1	2	2	2	1	1	1	1	2	1	1	1	2	1	1	2	2	1	2	1	1	1	2	2	1	2	2	1	1	1	2	1	2	2	1	2	1	2	2	2
HG00234	1	1	1	1	1	2	1	1	1	1	2	2	2	1	2	2	2	1	1	2	2	2	2	2	2	2	1	2	2	2	2	2	2	1	1	2	2	1	1	2	1	1	2	1	1	1	1	2	1	1
HG00235	2	1	1	2	2	1	1	2	2	1	1	2	2	2	1	2	2	2	2	1	2	2	2	1	2	2	1	1	1	1	2	1	2	2	2	2	2	1	2	2	1	1	1	1	2	2	2	1	2	1
HG00236	1	2	1	1	2	2	1	2	2	2	2	1	1	1	1	1	2	2	1	1	1	1	1	2	2	1	2	2	1	1	2	1	2	2	2	2	2	1	2	2	1	1	1	1	1	1	1	1	2	2
HG00237	2	1	2	2	1	1	1	1	1	1	1	1	1	2	1	1	2	1	1	2	2	2	2	1	1	1	1	2	2	1	1	1	1	1	2	1	2	1	2	1	1	1	2	1	2	1	2	1	1	1
HG00238	1	1	2	1	1	2	2	2	1	1	2	1	1	2	2	2	2	2	2	2	2	1	1	2	1	2	2	1	2	1	2	1	1	1	1	2	2	1	1	1	1	1	1	2	1	1	1	2	2	1
HG00239	2	2	1	1	1	1	1	2	1	1	2	1	2	1	2	1	1	2	2	2	2	1	2	2	2	1	2	2	1	2	1	1	2	1	1	2	1	1	2	1	2	2	2	2	1	1	1	1	1	1
HG00242	1	2	1	2	2	2	2	1	1	1	1	2	1	2	2	1	1	2	2	2	2	2	1	2	1	1	2	2	2	1	2	2	1	2	2	2	2	2	1	2	1	2	1	2	2	2	1	2	2	2
HG00243	1	2	1	2	1	1	2	1	2	1	2	2	2	2	1	2	2	2	2	2	1	2	1	2	2	2	2	2	2	2	1	1	1	1	1	1	2	2	2	2	1	2	1	1	2	1	2	1	2	2
HG00244	1	2	2	2	1	2	2	1	2	2	1	1	1	1	1	1	1	2	2	2	1	2	2	1	1	1	2	2	1	2	2	2	1	2	1	1	1	2	1	2	2	1	1	2	2	2	1	1	2	1
HG00245	2	2	1	2	1	2	2	1	2	1	2	2	1	2	2	2	2	2	1	2	1	1	1	1	1	2	1	2	1	1	1	1	1	2	1	2	1	1	1	2	1	2	1	2	1	1	1	2	1	1
HG00246	2	2	2	2	1	1	2	2	2	2	2	2	1	1	1	1	2	1	2	1	1	1	1	2	2	1	2	2	1	2	1	1	1	2	1	2	1	2	2	1	2	2	1	1	1	2	2	1	2	1
HG00250	2	2	2	2	1	2	1	1	1	1	2	2	2	1	2	2	2	2	2	1	1	2	1	2	2	2	1	2	1	1	2	1	2	2	1	1	2	1	1	1	1	1	2	1	2	2	1	1	1	1
HG00251	1	2	1	1	1	1	2	1	2	2	2	1	2	1	1	2	1	2	2	1	1	2	1	2	1	2	1	2	2	2	1	1	2	2	2	2	1	2	2	2	2	2	1	2	2	2	2	1	1	2
HG00252	2	1	1	1	2	2	2	2	2	2	1	2	2	2	2	1	2	1	2	1	1	2	1	1	2	2	1	1	1	2	2	2	1	2	2	1	1	1	2	2	1	1	2	2	2	2	1	1	2	1
HG00253	2	1	2	2	2	2	1	1	2	1	1	2	1	1	1	1	1	2	2	2	1	1	2	2	2	1	2	1	2	1	2	1	2	2	1	1	2	1	1	2	1	2	2	2	1	1	2	2	2	2
HG00254	1	2	2	2	2	1	2	1	1	2	2	1	1	2	2	2	1	1	2	2	2	2	1	2	2	2	1	2	1	1	1	2	2	1	1	2	1	1	2	1	2	2	2	1	2	1	1	2	1	2
HG00255	1	1	1	2	1	2	2	2	2	2	1	1	1	1	2	2	2	2	2	2	1	2	1	2	2	1	2	2	1	1	1	2	2	1	1	1	1	1	1	2	2	1	2	1	1	1	1	2	2	1
HG00256	1	1	2	2	1	1	1	2	2	2	1	2	1	1	2	1	1	1	2	1	2	1	2	2	1	1	1	2	1	1	1	1	1	1	1	1	2	2	1	2	2	1	1	2	1	2	2	1	1	1
HG00257	1	2	2	1	2	1	2	1	1	1	1	1	2	1	2	1	2	2	2	2	2	2	2	1	1	2	2	1	2	1	2	1	2	1	2	1	2	2	2	2	1	1	1	2	2	2	1	1	1	2
HG00258	2	2	2	1	1	2	2	1	1	2	2	1	2	1	2	2	1	2	2	2	1	2	1	2	1	1	1	1	2	1	1	2	1	2	2	2	2	2	2	1	1	2	2	1	1	2	2	2	1	1
HG00259	1	1	1	1	1	2	2	1	2	2	2	2	1	2	1	2	2	1	2	2	2	2	1	1	2	2	2	1	2	1	1	1	2	2	1	2	2	1	1	1	1	2	2	1	1	2	1	2	2	2
HG00260	1	1	2	1	2	2	2	1	2	1	2	2	2	2	1	1	1	2	1	2	1	1	2	1	1	2	1	2	1	2	2	2	1	1	2	1	1	2	2	1	1	2	2	1	1	2	2	1	2	2
HG00261	2	2	2	2	2	1	2	2	2	1	1	1	1	2	1	2	1	2	2	2	1	2	1	1	1	1	1	2	2	1	1	2	2	1	1	1	2	2	2	2	1	1	2	2	2	2	2	1	2	1
HG00262	2	1	2	1	1	2	1	2	2	1	2	1	1	2	2	1	1	2	1	1	1	2	2	2	1	2	2	1	2	2	2	2	2	1	2	1	2	1	1	1	1	1	2	2	1	2	2	1	1	2
HG00263	1	1	2	2	2	2	2	2	2	1	1	2	2	2	2	1	2	1	1	1	1	1	2	2	1	2	1	1	1	2	1	2	1	1	1	2	1	2	1	2	2	1	2	2	2	2	2	1	2	2
HG00264	2	2	1	2	2	2	2	1	2	2	1	1	2	1	1	2	1	1	2	1	2	2	1	1	2	1	1	2	1	1	1	1	2	1	1	1	1	2	1	2	1	1	2	1	1	2	1	2	2	1
HG00265	2	2	2	1	2	1	1	1	2	2	1	1	2	2	2	2	1	2	1	2	2	2	1	2	2	1	2	2	2	1	2	2	2	1	1	2	2	1	1	1	2	1	2	1	2	1	1	2	1	1
HG00266	1	1	2	1	1	2	2	2	1	1	2	2	1	2	1	1	2	2	2	2	1	1	2	2	2	1	2	1	2	2	1	2	2	1	2	1	1	1	2	2	1	1	1	1	1	2	2	1	2	1
HG00267	1	1	1	2	2	1	2	2	1	1	1	1	2	1	2	2	2	1	1	1	1	1	1	1	1	2	2	2	1	1	2	2	2	1	1	1	2	1	1	1	2	1	1	1	1	1	2	2	2	1
HG00268	1	2	1	1	2	2	1	1	2	2	2	2	2	2	1	2	1	2	2	1	2	1	1	1	2	1	1	1	1	1	2	1	2	2	2	2	2	1	2	1	1	2	1	1	2	2	2	1	1	2
HG00269	2	2	2	2	1	2	2	2	1	1	1	1	2	1	1	1	2	2	2	2	2	1	1	2	2	1	2	2	1	2	2	1	2	1	2	1	2	2	1	1	2	1	1	2	2	2	1	2	1	1
HG00271	2	2	2	1	1	1	2	1	1	2	2	2	2	1	2	1	2	1	1	1	1	1	1	2	1	1	2	1	2	2	2	2	2	1	1	2	1	2	2	1	2	2	2	2	2	2	1	2	2	1
HG00272	2	1	2	1	1	1	1	1	2	2	2	2	1	1	1	2	1	2	1	1	1	2	2	1	1	2	1	2	2	2	2	2	2	2	1	1	2	1	2	2	1	2	1	2	2	2	2	2	2	1
HG00273	2	1	2	2	2	2	2	1	1	1	1	2	1	1	1	2	1	1	1	2	1	2	2	1	1	1	2	2	1	1	2	2	2	1	2	2	2	1	1	1	1	1	1	1	1	1	2	1	1	2
HG00274	1	1	2	1	2	1	2	1	1	2	2	2	2	1	2	1	2	2	1	1	2	2	1	2	1	2	1	2	1	2	1	1	2	1	1	1	1	1	2	1	1	1	2	1	2	2	1	2	1	2
HG00275	1	2	1	1	1	2	1	2	2	1	2	2	2	2	2	2	2	2	1	2	1	1	1	2	2	2	2	1	2	2	2	2	1	2	1	2	1	1	1	2	1	2	1	1	2	2	1	1	1	2
HG00276	1	2	2	1	2	2	2	1	1	1	1	2	2	1	2	2	2	2	1	1	2	2	2	2	2	1	2	1	2	2	1	2	2	1	2	2	2	1	1	2	1	1	1	1	1	1	2	2	2	1
HG00277	1	2	1	2	2	1	1	1	1	2	1	2	1	1	2	1	2	1	2	1	2	1	1	1	1	1	1	2	2	1	1	1	1	1	2	2	1	1	1	1	2	2	1	1	2	2	2	2	2	2
HG00278	1	1	2	1	1	1	1	1	1	1	1	1	1	2	2	2	1	1	2	1	2	2	2	1	2	2	1	2	1	1	1	1	1	1	2	1	2	2	2	1	2	2	2	1	1	1	2	2	2	2
HG00280	2	1	1	2	1	1	1	1	1	2	1	2	2	2	2	2	1	1	1	1	2	1	2	2	2	1	1	1	1	1	2	2	2	1	1	1	1	1	1	2	2	1	1	2	2	1	1	2	2	1
HG00281	1	2	2	2	2	1	1	1	2	1	1	1	2	1	2	1	1	2	1	1	2	1	2	1	1	1	2	1	1	1	1	1	2	1	2	2	1	1	1	2	2	1	1	1	2	2	1	2	1	1
HG00282	1	1	2	1	2	2	2	1	2	2	2	2	1	1	2	2	1	1	2	2	1	2	1	2	2	1	2	1	1	2	2	2	1	1	1	2	2	2	2	1	1	1	2	2	1	1	1	1	2	1
HG00284	2	2	1	2	2	1	2	1	1	2	2	2	2	2	1	2	2	2	2	1	1	2	1	2	2	2	2	1	2	1	1	1	1	2	1	2	2	2	1	2	1	2	1	2	2	2	2	1	1	2
HG00285	2	2	1	1	2	2	2	1	1	1	2	1	1	2	1	1	2	2	1	1	1	1	1	2	1	1	1	2	1	1	2	1	2	1	2	2	2	2	2	1	2	2	1	2	2	2	1	2	1	1
HG00288	2	2	1	1	2	2	1	1	1	1	2	2	2	1	2	1	2	1	1	1	1	1	1	2	2	1	1	1	2	1	2	1	1	2	1	1	2	2	2	1	1	1	1	1	1	1	1	2	2	2
HG00290	2	2	2	1	1	2	2	2	2	1	2	2	1	2	1	2	1	2	2	1	1	1	2	1	1	2	1	2	2	2	2	2	2	1	2	2	2	1	1	1	1	2	2	2	2	1	1	2	2	1
HG00304	2	2	2	1	2	1	1	1	2	1	2	2	1	1	1	2	2	1	2	2	1	1	1	2	1	1	1	1	2	2	1	1	2	1	1	2	1	2	1	2	2	2	1	1	1	1	2	1	1	2
HG00306	2	2	2	2	2	2	1	2	1	2	1	2	2	1	1	2	2	1	1	1	1	1	1	2	1	2	1	2	1	2	1	2	2	2	2	1	1	1	2	2	1	1	2	2	1	2	1	1	2	1
HG00308	1	1	1	1	1	1	2	2	2	2	1	2	2	2	2	2	1	2	1	1	2	2	2	2	2	1	2	1	2	1	1	1	1	1	1	2	2	2	1	1	2	1	1	1	1	1	2	2	1	2
HG00309	2	1	1	1	2	1	1	2	2	2	2	1	2	2	2	1	1	2	2	2	2	2	1	1	2	1	1	1	1	1	1	1	2	1	1	2	2	2	1	1	2	1	2	1	1	2	1	1	2	1
HG00310	1	1	2	1	1	1	2	2	1	2	2	2	1	2	1	1	2	2	1	1	2	2	2	2	1	1	1	1	1	2	1	2	2	1	2	1	2	1	1	2	1	2	2	2	1	2	2	1	1	2
HG00311	1	2	1	2	1	1	2	2	2	1	2	1	2	2	1	2	2	1	2	2	1	1	2	2	2	1	1	2	2	1	2	1	1	1	2	2	2	2	2	1	2	1	1	1	2	1	1	2	2	1
HG00313	2	1	1	2	2	1	1	1	2	2	1	2	1	1	2	2	2	1	2	2	1	1	1	1	2	1	2	1	1	2	2	1	2	1	1	2	1	2	1	2	1	1	2	1	1	2	2	1	1	2
HG00315	1	2	2	2	2	1	1	2	1	2	1	2	1	2	2	1	2	2	1	1	2	1	1	2	2	1	1	2	2	2	2	2	1	2	2	2	1	1	2	2	1	2	1	1	1	1	2	1	2	1
HG00318	1	2	2	1	2	2	2	2	1	2	1	2	2	2	2	1	1	2	1	2	2	2	2	1	1	1	1	1	1	2	1	2	2	1	1	1	2	1	2	2	2	2	1	2	2	2	2	1	1	1
HG00319	1	1	1	2	1	1	2	1	2	1	2	2	1	1	1	1	1	2	2	1	2	2	2	1	2	1	1	1	2	2	2	2	2	2	1	1	1	2	2	2	1	1	1	2	2	2	1	1	1	1
HG00320	2	1	1	2	1	2	1	1	1	2	1	2	1	2	2	2	1	1	1	1	1	2	2	2	2	2	2	1	2	1	2	2	1	1	1	2	1	2	2	2	1	2	2	1	1	2	2	2	2	2
HG00321	2	2	2	1	1	2	2	2	1	2	2	2	2	2	2	1	2	1	2	2	2	1	1	2	1	1	2	2	2	1	2	1	1	1	2	2	2	1	1	1	1	2	1	1	2	1	1	1	2	2
HG00323	2	1	2	1	1	1	1	1	1	2	2	2	2	1	2	1	2	1	2	2	1	1	2	1	1	1	2	2	2	1	2	1	2	2	1	1	1	2	1	2	2	2	2	1	2	1	1	2	1	2
HG00324	2	1	1	2	1	1	2	1	1	2	1	2	2	2	1	2	2	2	1	1	1	1	2	2	2	1	2	1	1	1	1	2	1	1	1	2	2	2	2	2	2	1	2	1	2	2	1	1	1	1
HG00325	1	1	2	2	1	1	1	1	1	1	2	2	1	1	2	1	2	1	1	1	2	2	2	1	1	2	1	2	1	2	2	1	2	2	1	2	1	1	1	2	1	2	2	1	1	2	1	1	2	2
HG00326	2	1	1	1	2	1	2	1	1	1	2	1	1	1	1	1	1	1	1	1	1	1	1	2	1	2	1	1	1	1	1	1	1	2	1	2	1	2	2	1	1	2	1	2	2	1	1	2	2	2
HG00327	2	2	2	1	1	2	2	2	2	1	2	1	1	1	1	2	1	1	1	2	1	1	1	1	1	2	1	1	1	1	1	2	1	2	1	2	2	2	1	2	1	1	1	1	2	2	2	2	1	2
HG00328	2	2	1	1	1	2	2	2	2	1	1	1	2	2	1	2	2	2	1	2	2	2	2	1	2	2	2	2	2	1	1	1	2	2	1	2	1	2	1	1	1	1	2	1	2	1	2	2	1	2
HG00329	2	2	2	1	2	2	1	2	1	1	1	1	2	1	2	2	1	1	1	2	1	1	1	1	1	1	2	2	1	1	1	2	2	1	2	2	1	1	1	1	2	1	1	1	2	1	2	1	1	2
HG00330	1	1	1	1	2	1	1	1	2	1	2	2	1	2	2	1	1	2	2	1	2	1	2	2	2	1	1	1	2	2	2	2	2	2	2	1	1	1	2	2	2	2	1	1	1	2	2	2	1	2
HG00331	2	1	2	2	2	2	2	2	1	2	1	2	1	2	1	1	1	2	1	1	1	1	2	2	2	2	2	1	1	2	2	1	1	2	1	2	2	1	1	2	2	1	2	2	1	2	1	1	2	1
HG00332	2	1	2	1	1	1	1	1	2	2	1	2	2	1	1	2	2	1	1	2	2	2	2	1	2	2	1	1	1	2	1	2	1	1	2	2	2	2	2	1	2	1	1	1	1	2	2	1	1	2
HG00334	1	1	2	1	2	2	2	1	2	2	1	1	1	2	1	2	2	2	2	2	1	1	1	2	2	2	2	2	1	2	1	2	2	1	2	2	1	1	1	2	1	1	1	2	2	2	2	2	1	1
HG00335	1	1	1	1	1	1	2	1	2	1	2	1	2	2	1	2	2	2	2	1	1	2	2	1	1	2	2	2	1	2	2	1	1	2	1	2	1	2	1	1	1	1	1	2	2	1	1	1	2	2
HG00336	2	1	1	1	2	2	2	1	1	2	2	1	1	2	2	2	2	1	2	2	2	2	1	2	1	1	1	1	2	2	2	2	2	2	1	2	1	1	1	2	1	1	2	2	2	2	1	1	2	2
HG00337	2	1	2	2	1	1	1	2	2	1	2	2	1	1	2	2	2	2	1	2	2	2	2	1	1	2	1	2	2	2	2	2	1	1	2	2	1	1	1	2	2	1	2	1	1	2	2	1	1	1
HG00338	1	2	1	1	2	1	1	2	2	2	1	1	2	2	2	2	2	2	1	2	1	1	1	2	2	2	1	2	2	1	1	2	2	2	1	2	1	2	2	2	1	1	1	1	2	2	1	1	1	1
HG00339	2	2	1	2	2	1	1	2	2	2	1	2	2	1	2	1	2	2	2	1	1	2	1	1	1	2	1	2	1	2	2	2	2	2	2	2	1	2	2	1	2	1	1	2	2	1	2	1	1	2
HG00341	2	2	1	1	1	2	2	2	2	1	2	2	1	1	2	2	2	1	1	2	1	1	1	2	2	1	1	1	2	2	2	1	2	1	2	2	2	2	2	1	1	2	1	2	2	2	1	1	1	1
HG00342	2	1	2	2	2	1	1	2	2	1	2	1	2	1	2	1	1	1	2	1	2	2	1	1	1	1	2	2	2	1	2	1	2	1	1	2	1	2	1	2	1	2	1	2	1	1	1	1	1	2
HG00343	1	2	1	2	1	2	2	1	1	1	2	1	1	1	1	2	2	2	2	2	1	1	1	2	2	1	1	2	2	1	2	2	2	1	2	2	1	2	1	1	2	1	1	1	1	1	2	1	2	1
HG00344	1	1	1	2	2	1	1	1	1	2	2	1	1	2	1	2	1	1	1	1	1	1	1	1	2	2	2	2	2	2	1	2	2	2	2	2	2	1	1	1	2	1	2	2	2	2	2	2	1	2
HG00345	1	2	2	2	1	2	2	2	1	2	1	1	1	1	2	1	2	1	1	2	2	1	1	1	1	2	2	2	1	1	2	1	2	2	1	1	2	2	1	1	1	1	1	1	1	1	2	2	1	1
HG00346	1	2	2	1	1	2	2	2	2	1	1	1	1	2	2	2	1	2	1	1	1	1	1	2	1	2	2	1	2	2	1	1	1	2	1	1	1	1	2	1	2	1	1	2	2	2	1	1	1	2
HG00349	2	2	2	2	2	2	1	1	1	2	2	2	1	1	2	1	2	2	2	1	2	2	1	2	2	1	2	1	1	2	1	2	2	2	1	2	2	1	1	1	2	2	2	1	2	2	1	1	1	2
HG00350	2	1	2	2	2	2	1	1	1	1	2	1	2	2	1	1	2	2	2	1	1	1	2	1	1	2	1	1	2	1	1	2	1	2	2	2	2	1	1	2	1	1	1	2	2	2	1	2	1	2
HG00351	1	2	1	1	2	1	1	1	1	2	1	1	2	2	1	1	1	2	1	1	1	2	1	2	1	2	2	1	2	1	2	1	2	1	2	1	2	2	1	2	2	2	2	1	2	1	1	2	1	2
HG00353	2	1	2	1	1	2	1	1	1	2	1	2	2	2	2	1	2	2	1	1	2	1	1	1	2	1	2	2	1	2	2	1	1	2	1	2	2	2	2	1	2	2	2	1	1	1	1	2	1	2
HG00355	1	2	1	1	2	2	2	2	1	2	2	2	2	1	2	1	1	2	1	2	1	1	2	1	1	1	1	2	2	1	2	2	2	2	1	1	1	2	2	2	2	1	2	2	1	1	1	2	1	1
HG00356	1	2	2	2	1	1	1	1	2	2	2	2	2	2	1	2	1	2	1	1	1	1	2	1	1	2	2	2	1	2	2	2	1	2	2	2	1	1	1	1	1	1	1	2	1	2	1	2	2	2
HG00357	1	1	2	2	2	2	1	1	1	1	1	2	2	1	2	1	1	2	1	1	1	2	2	1	2	1	2	1	1	1	1	2	1	2	1	1	2	2	2	2	2	1	1	1	2	1	1	1	2	2
HG00358	1	1	2	2	2	2	2	1	1	1	2	1	1	1	1	1	1	2	1	2	1	1	2	1	2	2	1	2	1	2	2	2	1	2	1	1	1	2	1	1	1	2	2	2	2	1	2	2	1	1
HG00360	1	2	2	2	1	1	1	1	1	2	2	2	1	2	2	1	1	1	2	2	1	2	2	1	1	2	2	2	2	2	1	1	1	2	1	1	2	1	1	2	2	1	1	1	1	1	2	1	2	2
HG00361	1	2	2	1	1	1	1	1	1	2	2	2	2	2	1	1	1	2	1	1	2	2	2	1	2	1	2	2	2	1	1	2	1	1	1	1	2	2	1	1	1	2	2	1	2	2	1	1	1	1
HG00362	1	1	2	2	1	2	2	1	2	1	2	2	2	2	1	1	1	2	2	1	2	1	1	2	1	1	2	1	1	2	2	1	2	1	1	2	1	2	1	2	1	2	1	2	2	1	2	1	1	1
HG00364	2	2	2	2	2	2	1	1	1	2	2	1	2	2	1	1	2	2	2	2	2	1	1	1	2	2	2	1	1	1	2	1	2	1	2	2	1	1	1	2	2	1	2	2	2	1	1	2	1	1
HG00365	2	1	2	1	1	1	1	1	1	2	2	2	1	2	2	2	2	1	1	1	1	2	2	2	2	2	1	1	1	1	2	2	1	2	1	1	2	2	2	1	1	1	1	2	2	1	1	1	2	1
HG00366	2	2	1	1	1	2	1	2	1	2	1	2	1	2	2	2	1	1	2	1	2	1	2	2	1	1	1	2	1	2	2	1	2	1	1	2	2	1	2	1	1	2	1	1	1	1	1	2	2	2
HG00367	2	1	2	1	1	1	2	2	2	2	1	1	1	2	1	1	1	2	1	2	1	2	1	1	1	1	2	1	1	2	2	1	1	2	2	2	1	1	1	2	2	1	2	2	2	1	1	1	1	1
HG00368	1	2	2	1	1	1	2	2	2	2	2	2	1	1	1	1	2	1	2	1	2	2	2	1	2	2	1	1	1	1	1	1	1	1	1	2	1	2	1	2	2	2	1	2	2	1	2	1	1	1
HG00369	2	2	1	2	2	2	1	1	1	1	1	2	2	2	2	2	1	1	1	1	2	2	2	2	2	2	2	2	1	2	1	2	1	2	1	2	2	2	1	2	2	1	1	1	2	2	2	2	1	2
HG00371	2	2	1	2	1	1	1	1	1	2	1	2	2	1	1	1	2	1	2	1	2	1	2	1	2	1	2	1	1	2	2	1	2	2	2	1	2	1	2	1	1	2	2	1	2	1	1	2	1	1
HG00372	2	2	2	2	1	2	2	2	2	2	2	1	1	1	2	2	1	2	2	2	1	1	2	1	2	2	1	1	2	2	1	1	1	1	1	1	1	2	1	2	1	2	1	2	1	1	2	2	2	2
HG00373	1	1	2	1	2	1	1	1	1	1	2	1	1	1	2	2	1	2	2	1	1	2	2	1	2	2	1	1	1	1	2	1	2	2	1	2	1	1	1	2	2	2	2	2	1	2	1	1	1	2
HG00375	2	1	1	2	1	1	2	2	1	1	1	2	1	2	1	2	2	2	1	2	2	2	2	1	1	1	1	1	2	2	1	1	2	2	2	2	1	1	1	1	1	2	1	1	2	2	1	2	1	1
HG00376	1	2	2	1	1	1	1	2	1	1	2	2	1	1	2	2	1	1	2	2	1	1	1	2	2	1	2	2	2	1	2	2	2	2	2	2	2	1	1	1	1	1	2	1	2	2	2	1	1	1
HG00378	1	1	2	1	2	1	2	2	1	1	1	1	2	2	2	2	1	1	1	1	1	1	1	1	2	1	1	2	2	2	2	2	1	1	2	1	1	1	2	1	1	2	1	2	2	2	2	1	2	1
HG00379	1	1	1	2	2	2	2	1	2	1	2	1	2	2	2	1	2	2	1	1	2	1	1	2	1	2	1	1	1	1	2	1	2	1	1	2	2	1	2	2	2	1	1	2	1	2	2	1	1	2
HG00380	1	2	1	1	1	2	2	1	1	1	2	2	1	2	1	2	1	1	2	1	2	2	2	1	1	1	2	1	2	2	1	2	1	1	2	2	2	2	2	2	2	1	2	1	1	1	2	2	2	2
HG00381	1	1	1	2	2	2	1	2	1	2	2	2	2	2	2	1	2	1	2	2	2	2	2	2	2	1	1	1	1	2	2	1	1	2	1	2	2	2	1	2	2	2	2	1	2	1	2	1	1	1
HG00382	2	2	1	1	1	1	2	1	2	1	2	1	1	2	1	2	2	2	2	2	1	1	1	1	2	1	1	1	1	1	2	2	1	2	1	1	2	1	1	2	1	1	2	1	2	2	2	2	1	1
HG00383	2	2	1	2	2	2	2	1	1	1	1	2	1	2	2	1	1	2	1	1	2	2	2	1	2	1	2	1	1	1	2	1	1	2	1	1	1	1	2	2	2	1	1	2	1	2	1	1	1	1
HG00384	1	1	1	2	2	2	1	1	2	1	2	2	2	1	1	2	1	1	1	1	1	2	1	2	1	2	1	1	2	1	1	1	2	2	2	1	1	2	1	2	2	1	2	2	1	1	2	1	1	1
HG01334	1	1	2	1	2	1	1	2	1	2	2	2	2	2	2	1	2	2	2	1	2	1	2	1	2	2	1	1	2	2	1	2	1	2	2	2	1	2	1	2	2	1	1	2	2	2	1	1	2	1
HG01500	2	1	2	1	2	1	1	2	2	1	1	1	1	2	2	1	1	2	1	1	1	1	1	2	1	1	1	2	1	1	2	2	1	1	1	2	1	2	2	1	2	2	1	2	1	2	1	2	1	2
HG01501	2	2	1	1	2	2	2	2	2	2	2	2	2	2	2	1	1	1	1	2	2	1	2	1	2	2	1	2	1	2	1	1	2	1	1	1	2	1	2	1	1	2	1	1	1	2	1	1	2	1
HG01503	2	2	2	2	2	2	2	2	2	1	1	1	1	1	2	2	1	1	1	2	2	1	1	1	1	2	2	2	1	2	1	2	1	2	2	2	2	1	2	1	2	1	2	2	1	1	1	2	1	2
HG01504	1	2	2	1	2	2	1	1	1	2	2	2	1	1	1	2	2	2	2	2	2	1	2	1	2	1	1	2	1	1	2	1	2	2	2	1	2	2	1	1	2	2	2	2	2	1	2	1	1	1
HG01506	1	1	2	2	2	2	2	1	1	2	1	2	2	2	2	1	1	1	2	2	2	1	1	2	2	1	2	2	1	2	2	2	1	2	2	2	2	2	2	1	1	2	2	2	2	2	1	2	2	2
HG01507	2	1	1	1	1	1	2	1	2	1	1	2	2	1	2	2	1	1	1	1	1	1	1	1	1	2	1	2	1	1	1	2	1	2	1	1	1	1	2	1	2	2	1	1	1	1	1	2	1	2
HG01509	2	1	2	1	1	2	1	2	1	1	2	1	2	2	2	1	2	2	1	2	2	2	2	1	2	1	2	1	1	1	1	2	2	1	2	1	2	1	1	2	2	1	1	2	2	2	1	1	2	2
HG01510	1	1	1	1	1	2	1	1	2	1	2	1	2	2	2	1	2	1	2	2	2	2	1	2	2	2	2	1	2	2	1	1	2	2	2	1	2	2	1	1	2	2	1	1	1	1	2	1	1	1
HG01512	1	1	2	2	2	1	1	2	2	1	2	1	1	1	2	1	1	1	2	1	2	1	2	1	1	1	2	1	2	2	1	2	1	2	1	1	1	2	2	2	1	2	1	2	1	1	2	2	2	1
HG01513	2	1	2	2	1	1	1	1	1	1	1	2	2	1	2	1	1	2	2	2	2	2	1	1	1	1	2	2	1	2	2	2	2	2	1	1	1	2	1	2	2	1	1	2	2	2	1	1	1	2
HG01515	2	1	1	1	1	1	1	2	1	2	1	2	1	2	2	1	1	1	1	1	2	1	2	2	2	1	2	2	2	1	1	2	2	1	2	2	2	2	2	1	2	2	1	2	2	1	2	1	2	1
HG01516	1	1	2	2	1	1	2	1	2	1	2	1	2	2	2	2	2	2	2	2	1	1	1	1	1	2	2	1	1	2	1	1	2	1	2	2	2	2	2	1	2	1	1	2	2	1	2	1	2	1
HG01518	2	1	1	1	1	1	1	1	1	2	2	2	1	1	2	1	1	2	2	1	1	1	1	2	2	2	2	1	1	2	2	1	1	1	2	1	2	2	1	2	2	2	1	2	2	2	1	2	1	1
HG01519	1	1	2	2	2	2	1	2	2	1	2	2	2	1	1	2	2	2	1	2	1	1	1	1	2	2	2	2	2	1	1	1	1	1	2	2	2	1	1	2	2	2	2	1	2	1	2	2	1	2
HG01521	2	1	1	1	1	2	1	1	2	2	2	1	2	1	2	1	2	1	2	2	1	2	1	1	1	2	2	1	1	2	2	2	1	2	2	2	2	2	2	2	1	2	2	1	1	1	2	2	1	2
HG01522	2	1	1	1	2	1	1	2	2	2	2	2	2	1	1	2	2	1	1	2	1	2	1	1	2	1	2	2	2	1	2	1	2	1	1	2	2	1	2	2	1	2	1	2	1	2	1	2	1	2
HG01524	2	1	1	2	1	1	2	2	1	1	2	2	2	1	1	1	1	2	1	2	2	2	1	1	2	1	2	2	1	2	1	1	2	2	1	1	2	1	1	1	1	2	2	2	1	1	2	1	2	2
HG01525	2	1	1	2	2	1	1	2	2	2	1	2	2	1	1	2	2	2	1	2	2	1	1	2	2	1	2	2	2	2	1	1	1	1	1	2	2	2	2	2	2	1	2	1	1	1	1	1	2	2
HG01527	1	2	2	1	2	2	1	1	2	1	2	2	1	1	1	1	2	2	2	1	1	2	2	1	1	2	1	2	2	1	1	2	1	2	1	1	1	1	2	1	1	1	1	2	1	1	2	1	2	1
HG01528	2	1	2	1	2	1	1	1	2	1	1	1	1	2	1	1	2	2	2	2	2	1	1	1	1	1	1	2	1	2	1	1	1	1	2	1	2	2	1	1	2	1	2	1	1	2	2	1	2	1
HG01530	2	1	1	1	2	1	2	1	1	2	1	1	2	2	2	1	2	2	1	2	1	1	1	2	2	1	2	2	2	2	1	2	2	2	2	2	1	2	1	1	2	2	1	1	2	2	1	1	2	2
HG01531	1	1	1	2	1	1	2	1	1	1	2	1	2	2	2	2	2	2	1	2	1	1	1	2	2	1	2	2	2	1	1	2	2	1	1	1	1	2	1	1	1	1	2	1	2	1	1	1	1	1
HG01536	1	2	2	2	2	2	2	2	2	2	2	1	1	2	2	1	2	1	2	2	1	1	1	2	2	1	2	1	2	2	1	2	1	1	2	1	2	1	1	2	1	2	2	2	1	1	2	2	1	2
HG01537	1	2	1	2	1	1	2	2	2	2	1	2	2	1	1	1	1	2	2	2	1	1	2	1	1	2	2	2	1	2	2	1	2	1	2	2	1	1	2	1	2	1	2	2	1	2	2	2	1	2
HG01602	2	1	2	2	2	1	1	1	1	1	1	2	1	1	2	1	1	2	1	1	2	2	2	2	1	1	2	1	2	2	2	2	1	2	1	1	2	1	1	1	2	1	2	2	2	1	2	1	2	2
HG01603	1	1	1	1	1	1	1	2	1	1	2	2	2	1	1	2	1	2	2	1	2	2	1	1	2	1	1	2	1	1	2	1	1	2	2	2	1	2	1	2	2	1	2	2	2	1	1	1	2	1
HG01605	1	2	1	2	2	1	2	2	1	1	1	1	1	1	2	1	1	2	1	2	2	1	2	1	1	1	2	1	1	1	1	1	2	2	2	2	1	1	2	2	2	1	1	2	1	2	2	2	2	1
HG01606	2	1	2	2	1	1	2	2	2	1	2	2	1	2	2	1	1	2	2	2	2	2	2	1	1	2	2	1	2	2	1	2	2	1	1	1	1	2	1	2	2	1	2	1	2	2	1	1	1	1
HG01607	2	2	1	2	2	1	1	1	2	1	1	2	1	1	1	1	1	1	2	1	2	2	1	1	1	1	1	1	1	1	1	1	2	1	2	1	2	1	1	2	1	2	2	1	1	1	2	1	2	2
HG01608	1	2	2	2	2	1	2	1	1	1	2	1	1	2	2	2	1	1	2	2	2	1	2	2	2	2	1	1	2	1	1	1	1	1	2	1	1	1	2	2	1	1	1	1	2	2	1	1	2	2
HG01610	1	2	2	2	1	2	2	1	2	1	1	1	2	2	1	1	2	1	2	2	2	2	2	2	2	1	2	1	2	2	1	2	1	2	2	1	1	2	2	2	2	1	1	1	1	1	1	1	1	1
HG01612	2	2	2	1	1	2	2	1	2	2	2	1	1	1	1	2	1	2	2	2	2	1	1	1	1	1	2	2	2	1	1	2	1	1	2	2	1	1	1	1	2	1	2	1	1	1	1	2	1	1
HG01613	1	2	1	2	1	1	2	1	1	2	1	1	1	1	1	2	1	1	1	2	1	2	2	1	2	2	2	2	1	1	2	2	1	1	1	2	2	1	2	1	2	1	2	2	2	1	1	2	2	2
HG01615	1	1	2	2	2	1	2	2	2	2	1	1	2	2	1	1	2	1	2	2	1	2	2	2	1	1	1	2	1	1	2	1	2	1	1	1	2	2	1	1	1	1	1	2	1	2	1	2	2	1
HG01617	2	1	2	1	2	1	1	2	1	2	1	2	2	1	2	2	1	1	2	2	1	2	2	2	1	1	2	1	2	1	2	1	1	2	1	1	1	2	1	2	1	1	1	1	2	1	1	1	2	2
HG01618	2	1	1	2	1	1	2	2	1	2	1	1	2	1	2	2	2	2	1	2	1	2	2	2	1	2	2	2	1	1	2	1	1	1	1	1	1	1	2	1	1	2	2	1	1	1	2	2	2	1
HG01619	1	2	2	1	1	2	2	2	2	2	2	1	1	2	1	2	2	2	1	1	1	1	2	2	1	1	2	1	2	1	1	1	1	1	2	2	2	1	1	2	1	1	1	2	2	2	1	2	2	1
HG01620	1	1	2	2	2	1	2	1	1	2	2	2	1	1	2	1	2	1	2	2	1	1	1	1	1	2	2	2	2	1	2	2	1	1	1	2	1	2	1	1	2	1	2	2	2	1	1	1	1	2
HG01623	2	1	2	2	1	2	1	2	1	1	2	2	1	1	1	1	2	1	1	1	1	1	2	2	1	1	1	1	1	2	1	2	2	1	2	2	2	2	2	2	1	2	1	1	2	2	1	2	2	2
HG01624	2	1	1	1	1	1	2	1	1	1	1	2	2	1	2	2	1	1	2	1	1	1	2	1	1	1	2	1	2	2	2	2	2	1	2	1	2	2	2	1	2	1	1	2	1	2	1	1	2	1
HG01625	2	2	1	1	1	1	1	1	1	2	2	1	1	2	2	2	2	2	1	1	2	1	2	2	1	2	2	2	1	2	2	1	1	2	1	1	1	1	1	1	1	1	2	1	2	1	1	2	1	2
HG01626	2	2	2	2	1	1	2	2	1	2	1	1	2	2	1	2	2	1	2	2	1	1	1	1	1	1	2	2	1	2	2	2	1	1	2	1	1	2	1	1	2	2	2	1	2	1	1	2	2	2
HG01628	2	1	1	1	2	2	1	1	2	2	2	1	1	2	1	1	1	1	2	1	2	1	2	1	2	1	1	2	2	2	1	2	2	2	1	2	2	2	1	2	2	1	2	1	2	2	2	1	2	1
HG01630	1	2	1	1	2	1	2	2	1	2	1	1	2	2	2	1	1	2	1	1	2	2	2	2	2	1	2	2	2	1	2	1	2	2	2	2	1	1	2	1	1	1	2	2	1	1	2	1	1	1
HG01631	1	1	2	1	1	2	2	1	2	1	1	2	2	2	1	2	2	2	1	1	1	1	2	1	1	2	1	1	1	1	2	2	1	2	1	1	2	2	2	1	2	2	2	1	1	1	2	1	1	2
HG01632	2	1	1	2	1	2	2	1	1	1	1	2	1	1	1	2	1	2	2	1	1	1	1	1	1	1	2	2	2	1	1	2	1	2	2	1	1	2	1	1	1	2	1	1	1	1	1	1	2	2
HG01668	2	1	1	1	1	1	2	2	1	1	1	1	1	2	1	1	1	1	2	1	1	2	2	2	1	2	1	1	1	1	1	2	1	1	1	2	1	2	2	1	1	2	1	1	1	2	2	1	2	2
HG01669	2	2	1	1	1	2	1	2	1	2	1	1	2	2	1	2	1	2	2	2	2	2	1	2	1	2	1	2	1	2	2	2	2	2	2	2	2	2	1	1	2	1	2	2	2	2	2	1	1	2
HG01670	2	1	1	1	1	2	2	1	1	1	2	1	2	2	1	1	1	2	1	2	2	2	2	2	1	2	1	1	2	1	2	1	1	1	2	2	1	2	1	2	1	2	1	2	2	1	2	2	1	2
HG01672	1	2	1	1	2	1	1	2	1	2	2	2	2	1	1	1	2	1	1	2	1	2	2	2	2	1	2	2	1	2	2	1	2	1	1	1	1	1	2	1	1	1	1	2	2	1	2	2	1	2
HG01673	2	1	2	2	2	1	1	2	2	2	1	1	1	2	2	1	1	1	2	2	2	1	2	1	2	2	1	1	2	2	2	1	1	1	1	1	2	2	1	2	2	2	2	2	1	1	1	1	2	2
HG01675	2	1	2	1	1	1	1	1	1	1	1	1	2	2	2	2	1	1	1	1	2	1	2	1	2	1	1	1	2	2	2	1	2	2	1	1	2	1	1	2	2	2	1	1	1	2	1	1	2	2
HG01676	1	2	2	2	2	1	2	1	1	1	1	2	1	2	2	2	2	2	2	2	2	1	1	1	1	1	1	2	2	2	2	1	2	1	1	1	2	2	1	2	1	1	2	2	1	1	2	2	1	2
HG01678	2	1	2	1	2	1	1	2	2	1	2	1	1	2	1	2	2	2	2	2	1	2	1	1	1	2	1	2	1	2	2	1	1	1	1	1	2	1	2	1	2	2	2	2	2	1	2	1	1	2
HG01679	2	1	1	2	2	2	2	1	2	1	2	1	1	2	2	2	2	2	1	2	2	1	1	1	1	1	2	1	2	1	2	1	1	2	2	1	2	2	1	1	1	1	2	2	2	2	2	2	1	1
HG01680	2	1	1	1	2	1	2	2	2	1	1	2	1	2	2	1	2	1	1	2	1	1	1	2	1	1	2	2	2	1	2	2	2	1	2	1	2	1	1	2	2	1	2	1	2	2	2	2	1	2
HG01682	1	2	1	1	1	2	2	1	2	1	1	1	2	1	1	2	2	2	1	2	2	2	1	2	2	1	1	1	2	2	2	1	2	2	1	2	1	2	1	2	1	2	2	1	1	2	1	1	2	2
HG01684	1	2	2	2	2	1	2	2	2	1	1	1	1	1	1	2	2	1	1	1	2	2	1	1	2	2	2	2	2	2	2	2	2	2	1	1	1	2	1	1	2	2	1	1	1	2	2	1	1	2
HG01685	2	2	1	1	2	2	2	1	1	2	2	2	1	1	1	2	1	2	2	1	2	2	1	2	2	1	1	1	1	1	1	1	2	1	1	1	1	2	1	1	2	2	1	1	1	1	2	1	1	2
HG01686	2	1	2	1	2	2	1	1	1	1	2	2	2	1	1	1	2	2	1	2	1	2	1	2	1	2	2	1	1	1	1	1	1	2	1	1	1	2	1	1	2	1	2	2	2	1	1	1	1	2
HG01694	2	1	2	1	1	2	2	1	2	2	2	1	2	1	1	1	2	2	2	1	1	2	1	2	2	1	1	1	1	1	2	2	1	2	1	2	1	1	1	1	2	1	2	1	2	2	2	1	1	2
HG01695	1	1	2	2	2	2	2	1	2	2	2	1	1	2	1	1	1	2	1	2	1	2	2	1	2	2	1	1	2	2	1	2	2	2	2	1	2	2	2	1	2	1	2	2	2	1	1	2	2	1
HG01697	2	1	1	1	1	1	2	1	2	1	1	2	1	1	1	2	1	1	2	1	2	2	2	2	1	2	2	2	1	1	1	1	1	2	1	2	2	2	2	1	2	2	1	1	1	1	2	1	2	1
HG01699	2	1	1	2	2	1	1	2	2	1	2	2	2	1	2	2	2	1	2	1	2	2	2	2	1	1	2	2	2	2	2	2	2	1	1	2	2	1	2	2	1	2	2	2	2	1	2	1	1	2
HG01700	1	1	1	2	2	1	2	2	2	2	2	2	1	1	2	2	1	2	1	2	2	2	1	2	1	2	2	2	1	1	1	2	2	2	2	1	2	2	2	2	1	2	1	2	1	2	1	2	2	2
HG01702	2	2	1	1	1	1	1	2	2	1	1	2	2	1	2	2	1	1	1	2	2	2	2	2	2	2	2	1	1	2	1	1	1	1	2	1	2	1	2	2	2	1	1	2	1	2	1	1	2	1
HG01704	2	2	1	1	1	2	2	2	1	1	2	1	1	2	2	1	1	2	1	2	1	1	1	2	1	2	2	2	1	1	2	2	1	2	1	2	1	1	2	2	2	1	2	1	2	1	2	2	2	2
HG01705	1	1	2	1	2	1	2	1	1	2	1	2	1	1	2	2	1	1	2	2	2	1	1	1	2	2	1	2	1	1	1	2	2	2	2	2	1	1	1	2	2	2	1	2	1	2	1	2	2	1
HG01707	1	1	1	2	2	2	1	1	1	1	2	2	1	1	1	1	2	2	1	1	2	1	1	2	2	1	1	2	2	1	2	2	1	2	2	2	2	2	1	1	2	1	2	2	2	1	1	2	1	1
HG01708	2	2	2	1	1	2	1	1	1	1	1	1	1	1	1	1	2	1	1	1	1	2	1	2	2	2	1	2	2	1	1	1	1	1	2	1	1	1	2	2	1	2	2	1	2	1	2	2	1	1
HG01709	2	1	1	1	2	1	2	2	2	1	1	1	1	1	2	1	2	2	2	1	2	2	2	2	1	1	1	2	2	2	1	2	1	2	1	2	2	2	2	1	2	2	1	2	2	1	1	2	1	2
HG01710	1	2	1	1	1	1	1	2	1	2	1	1	1	1	2	2	1	2	1	1	2	1	1	1	2	2	1	2	2	1	1	1	2	1	2	1	2	1	2	1	1	1	2	1	1	1	2	1	1	2
HG01746	1	2	2	1	2	1	1	1	1	2	1	1	2	1	1	1	2	2	1	2	1	2	1	1	2	2	2	1	1	1	1	2	2	2	2	1	2	2	1	2	1	1	1	1	2	1	1	2	2	2
HG01747	2	1	2	2	1	1	1	1	1	2	2	1	2	2	2	1	2	2	2	1	1	1	1	1	1	2	1	1	2	2	2	2	1	2	1	2	1	1	2	2	1	2	2	1	1	1	1	2	1	1
HG01756	1	1	1	1	2	2	1	1	1	1	1	1	1	1	2	1	1	1	1	1	2	2	1	2	1	2	2	1	1	2	1	1	2	2	1	2	2	1	2	1	2	2	2	2	1	2	1	1	2	1
HG01757	1	1	1	2	2	2	1	1	1	2	2	1	2	2	1	1	2	2	1	1	2	1	1	1	1	2	1	1	1	2	2	2	2	1	2	2	2	1	2	2	1	1	1	2	1	2	1	2	2	2
HG01761	1	2	2	1	2	2	2	1	2	1	1	2	1	2	2	2	1	2	1	2	2	2	2	2	1	2	1	1	2	2	2	1	1	1	1	2	2	1	2	2	2	1	2	2	1	2	2	1	2	1
HG01762	1	2	1	2	2	2	1	1	1	2	2	2	1	1	2	1	2	1	1	1	2	1	2	2	2	1	2	2	2	1	1	2	1	1	1	1	2	1	1	2	2	1	2	2	2	1	2	1	1	2
HG01765	1	1	2	1	2	2	1	1	2	1	1	1	1	2	2	2	1	1	2	1	2	1	1	1	1	2	1	1	2	2	2	1	2	1	1	1	1	2	1	2	2	2	2	1	2	1	1	1	1	2
HG01766	1	2	1	1	1	1	2	1	1	2	1	2	1	2	1	1	1	2	2	2	1	1	2	1	2	1	2	1	1	2	1	2	1	2	2	2	1	1	2	1	1	2	2	1	1	2	2	2	1	1
HG01767	2	2	1	1	2	1	1	1	1	1	2	2	2	1	1	2	2	1	1	2	1	1	1	2	2	2	1	2	2	1	1	2	2	1	1	1	2	2	1	2	1	2	2	2	2	2	2	1	2	2
HG01768	1	2	2	2	2	1	2	1	2	1	2	2	1	1	2	2	2	1	2	2	2	2	1	2	2	1	1	2	2	2	1	1	2	2	1	2	2	1	2	2	1	1	1	1	2	1	2	1	1	2
HG01770	1	2	1	1	1	1	1	2	1	2	2	1	1	1	1	1	2	1	2	1	1	1	2	1	2	1	2	1	2	1	1	2	1	1	2	1	1	2	2	2	2	1	1	2	1	1	2	1	2	2
HG01771	1	1	2	2	1	1	1	2	2	1	1	2	1	2	1	2	2	1	1	1	1	1	1	2	1	1	1	1	2	1	1	1	2	2	2	1	2	1	2	1	1	2	2	1	2	2	2	2	2	2
HG01773	1	2	1	2	1	1	1	2	2	2	2	2	1	1	1	1	1	1	2	2	2	1	2	1	1	2	2	1	2	1	1	1	1	2	1	1	1	1	2	2	1	2	1	2	1	2	2	2	1	2
HG01775	2	2	1	1	1	2	1	1	1	2	2	1	2	1	1	2	2	1	1	2	2	2	1	1	1	2	2	2	1	1	1	2	2	2	2	2	1	2	2	1	1	1	1	1	2	2	2	1	1	1
HG01776	2	2	1	1	2	2	2	2	2	2	1	2	2	2	2	2	1	2	1	2	2	1	2	2	2	2	1	2	2	1	2	2	1	1	1	2	2	2	2	2	1	2	2	1	2	1	2	1	2	2
HG01777	2	2	2	2	2	1	2	1	2	1	1	2	1	2	2	2	1	1	2	2	1	2	2	2	2	1	2	1	1	1	2	2	1	2	1	2	2	1	1	1	2	2	2	2	1	2	2	1	2	1
HG01779	1	1	1	2	2	2	2	2	2	2	1	1	2	2	2	1	2	1	2	2	1	2	1	2	2	1	2	1	2	2	2	2	2	2	1	1	2	2	1	2	2	1	1	1	1	2	1	1	2	2
HG01781	1	1	1	2	1	2	1	2	2	1	2	1	1	2	1	2	2	2	1	2	1	2	2	1	1	2	1	2	2	1	1	1	1	1	2	2	2	1	1	2	1	1	2	2	1	1	2	1	2	2
HG01783	2	2	2	1	2	1	1	1	2	1	1	1	2	2	2	1	1	1	2	2	1	1	2	1	1	1	2	2	1	2	1	1	2	2	1	2	1	2	1	1	2	2	2	1	1	1	1	2	2	2
HG01784	2	1	1	2	2	1	2	1	2	1	1	2	2	1	2	2	1	1	1	2	2	1	1	2	2	2	1	2	2	2	1	1	2	1	1	1	1	1	1	1	1	2	1	2	1	2	2	1	1	1
HG01785	1	2	1	2	2	1	2	1	2	1	1	1	1	1	2	2	2	1	2	2	2	2	2	1	1	2	1	1	1	2	1	1	2	2	1	1	1	1	2	1	2	1	2	1	2	2	1	1	1	1
HG01786	1	1	2	1	2	2	2	1	1	2	2	2	2	1	2	2	1	1	2	1	2	2	2	1	1	2	1	1	1	1	1	1	2	2	2	1	1	2	2	1	2	1	1	2	2	1	1	1	2	2
HG01789	2	2	1	2	2	2	2	2	2	1	1	1	1	2	2	1	1	2	2	2	2	2	2	1	2	2	2	1	1	2	2	1	2	2	2	1	1	2	1	1	2	1	1	1	1	1	1	2	1	2
HG01790	2	2	1	2	2	1	2	2	2	1	1	2	1	2	1	1	1	2	1	1	1	2	2	2	2	2	2	2	2	1	2	2	2	1	1	1	1	2	1	2	2	2	1	2	2	1	2	1	2	2
HG01791	2	2	2	1	2	1	1	1	1	1	1	2	1	1	2	2	1	1	1	1	1	2	2	1	2	2	2	1	2	2	1	1	2	1	2	2	1	1	1	2	1	2	1	2	1	2	2	2	1	1
HG02215	2	1	1	1	2	1	1	1	2	2	1	1	2	1	2	2	1	1	1	2	1	1	2	1	2	2	2	2	1	1	2	1	1	2	2	2	1	1	1	1	2	2	1	2	2	2	2	2	1	1
HG02219	1	2	1	1	2	2	2	2	2	2	1	1	2	1	1	2	2	1	1	2	2	1	2	2	1	1	2	1	2	2	2	1	1	1	2	1	1	1	1	1	2	1	1	1	1	2	2	2	2	1
HG02220	1	1	1	1	1	2	2	1	2	1	1	1	2	2	1	1	2	1	1	1	1	1	1	2	1	1	1	1	1	2	2	1	2	2	2	1	1	1	2	1	1	2	2	2	2	1	2	2	1	1
HG02221	1	1	2	2	2	2	1	2	2	1	1	1	2	1	1	1	1	1	2	1	1	2	2	1	1	2	2	1	1	1	2	2	2	1	2	1	2	2	2	2	2	2	2	2	1	2	2	1	2	2
HG02223	1	2	1	2	1	1	2	2	1	1	1	2	2	2	2	1	2	1	2	1	2	2	2	2	2	2	1	1	1	2	2	1	2	2	1	1	2	1	1	1	1	1	1	1	2	2	1	2	1	1
HG02224	2	2	1	1	1	1	2	1	1	2	2	1	1	1	1	2	2	2	1	1	1	2	2	2	2	2	2	1	1	2	2	2	1	2	1	1	1	2	2	1	2	2	1	1	2	1	1	2	1	2
HG02230	1	1	2	1	1	1	1	2	2	2	1	1	1	1	1	1	2	1	1	2	1	2	1	2	1	1	1	1	1	2	2	2	1	1	1	1	1	2	2	2	1	1	2	2	2	2	1	1	2	2
HG02231	1	1	1	1	2	2	2	2	1	2	1	1	1	1	1	2	1	2	2	1	1	2	1	2	1	2	1	1	1	2	1	2	2	1	1	1	1	2	1	2	1	1	2	1	2	1	2	2	2	1
HG02232	2	2	1	2	2	2	1	1	1	1	1	2	1	2	2	1	1	1	2	1	2	1	1	1	1	1	1	1	1	2	2	2	2	1	1	2	1	1	2	1	1	2	2	1	1	1	2	1	1	2
HG02233	1	2	2	1	2	2	1	2	2	1	2	2	2	1	2	1	1	1	1	2	1	2	1	1	1	2	2	2	2	1	2	1	1	2	1	1	1	1	1	1	1	1	1	2	2	1	2	1	2	1
HG02235	1	2	2	1	2	2	1	2	2	2	1	2	2	1	2	2	2	2	1	1	1	2	1	2	2	2	2	2	1	1	1	1	2	2	1	2	1	2	1	2	2	2	2	2	2	1	1	1	2	1
HG02236	2	1	2	2	2	2	2	2	2	2	2	2	1	2	1	1	2	2	1	2	2	2	2	1	1	1	2	1	1	2	1	2	1	2	2	1	1	1	2	2	1	1	1	1	2	2	2	2	1	1
HG02238	1	1	2	1	1	2	2	2	2	2	1	1	1	1	2	2	2	1	2	1	2	1	1	1	1	1	1	2	1	2	2	2	2	2	2	1	2	2	2	1	2	1	2	1	1	1	1	1	2	2
HG02239	2	2	2	2	1	2	1	1	1	2	1	1	2	2	2	1	2	2	1	1	1	1	1	1	2	1	2	2	1	1	1	1	1	2	2	2	1	2	2	1	2	1	1	1	1	2	1	1	1	1
NA06984	2	1	2	2	2	1	2	1	2	1	1	2	1	2	2	1	1	2	1	1	1	2	2	2	2	1	2	2	2	1	1	1	1	1	1	2	2	2	2	1	1	1	1	1	2	1	2	1	2	1
NA06985	1	1	2	2	1	2	1	1	1	2	2	1	1	2	2	1	2	1	2	1	1	1	1	1	2	1	1	1	1	2	2	2	2	1	1	2	1	1	2	2	2	1	1	1	1	2	2	2	1	1
NA06986	2	2	1	2	1	2	1	1	1	2	1	2	1	1	1	2	1	2	1	1	2	1	2	1	2	1	2	1	1	2	1	2	1	1	2	1	1	2	1	2	1	2	2	2	2	2	2	1	2	2
NA06989	2	1	1	1	2	2	1	2	1	1	1	1	2	1	1	2	2	1	1	2	2	1	2	1	2	2	1	1	1	2	1	2	2	2	2	2	1	2	1	2	1	1	2	1	2	2	2	2	2	2
NA06994	1	2	2	1	1	1	2	2	2	2	1	2	1	1	2	1	1	2	1	2	1	2	1	1	1	2	1	1	2	1	1	1	1	1	2	1	1	1	1	1	1	1	2	2	2	1	1	2	1	2
NA07000	1	2	2	2	1	1	2	2	2	1	1	2	1	2	2	1	2	2	2	2	2	2	2	2	2	1	1	2	2	2	2	1	2	2	1	1	1	2	1	2	2	2	2	2	1	1	1	2	2	2
NA07037	1	1	1	2	1	2	2	1	2	1	2	1	2	2	1	2	2	1	1	2	2	2	2	2	2	1	2	1	2	1	2	1	1	1	1	1	1	1	1	1	1	1	2	2	2	2	1	1	1	1
NA07048	2	1	2	2	1	1	1	2	2	2	2	1	1	2	2	2	2	2	2	2	1	1	2	1	1	2	2	2	2	1	2	1	1	2	2	1	1	1	2	1	1	2	1	1	2	1	2	2	1	1
NA07051	2	1	1	2	1	1	1	2	1	2	2	2	1	1	1	2	1	1	1	1	1	2	1	1	1	2	1	1	2	1	2	1	1	2	2	1	1	2	2	2	2	1	2	1	2	1	1	2	1	1
NA07056	1	2	2	2	1	1	2	1	2	1	2	1	2	2	2	2	1	2	1	1	1	2	1	2	2	2	2	2	2	2	1	1	1	2	1	2	2	2	1	1	2	1	2	2	1	2	2	2	2	1
NA07347	2	2	2	1	1	2	1	1	2	1	2	1	1	2	2	1	1	1	1	1	1	1	1	1	2	1	1	1	2	1	1	2	2	2	2	2	1	1	1	1	1	1	2	1	2	1	1	2	1	1
NA07357	2	1	2	2	2	2	2	1	1	1	2	2	2	2	2	2	2	1	2	1	1	2	1	2	1	2	2	2	2	2	2	1	1	2	1	1	2	2	1	1	2	2	1	1	1	2	1	1	1	1
NA10847	2	2	1	2	2	1	2	1	1	2	2	1	1	1	2	1	1	2	1	1	2	1	1	1	2	1	1	1	1	1	2	2	1	2	1	1	2	2	2	1	2	2	2	2	1	1	1	2	1	1
NA10851	2	1	1	1	2	1	1	2	1	2	1	2	2	1	1	2	2	2	1	2	1	1	2	2	2	2	1	1	2	2	1	1	1	1	1	1	1	2	2	1	2	2	2	2	1	1	2	1	2	1
NA11829	2	1	1	1	1	1	1	2	2	2	2	1	1	2	2	1	1	1	2	1	2	2	1	1	2	2	2	1	1	2	2	1	2	2	1	2	2	1	1	2	1	1	2	1	1	2	2	1	1	1
NA11830	2	2	2	1	1	2	1	1	2	2	1	1	1	1	2	2	2	1	1	2	1	1	2	2	1	2	1	2	1	1	1	2	1	1	1	1	1	1	1	1	1	1	2	1	1	1	1	1	1	1
NA11831	2	2	2	2	1	1	1	1	2	2	1	1	1	2	1	2	2	2	1	1	1	1	2	2	2	1	2	1	1	1	1	1	2	2	2	1	1	2	2	2	1	2	2	2	1	1	2	1	2	2
NA11832	1	2	2	1	1	1	1	2	2	1	2	1	2	1	1	2	1	2	1	1	2	1	2	2	2	2	2	1	2	2	2	1	1	1	1	1	1	1	2	1	1	2	1	2	2	2	1	2	2	2
NA11840	1	2	1	2	1	1	1	1	2	1	1	1	2	2	1	2	2	1	1	2	1	1	1	2	1	2	2	2	1	2	1	2	2	2	1	1	1	2	2	1	1	1	2	2	1	2	1	2	2	1
NA11843	2	1	1	2	1	1	1	1	1	1	2	2	2	2	2	2	2	1	1	2	2	1	1	1	1	2	1	2	1	1	2	2	2	1	2	2	2	2	2	2	2	2	1	1	1	1	1	1	1	1
NA11881	2	2	1	2	2	2	2	2	1	2	1	1	2	2	2	2	2	2	1	1	1	2	2	1	1	1	1	2	2	1	2	2	1	1	1	1	2	2	1	2	1	2	1	2	2	1	1	1	1	2
NA11892	1	1	2	1	2	2	1	1	1	2	1	2	2	1	1	1	1	1	1	2	2	2	2	1	2	1	1	1	2	2	2	1	2	2	1	2	2	2	2	1	2	2	2	1	1	1	1	1	1	2
NA11893	1	1	1	2	2	1	1	2	1	1	2	2	1	2	2	2	2	2	1	2	1	2	2	2	2	1	2	2	2	2	2	1	2	2	2	1	1	1	1	2	1	2	1	1	1	1	1	2	1	1
NA11894	1	2	1	2	1	2	1	1	1	2	1	2	2	1	1	2	1	2	2	1	1	1	1	1	2	1	1	1	1	1	2	2	1	2	1	2	2	1	1	1	1	2	1	1	2	1	1	2	2	2
NA11918	1	1	1	1	2	2	2	2	1	2	2	1	1	1	1	2	2	2	2	2	2	2	1	1	2	1	2	2	1	2	1	1	1	1	2	2	1	2	2	1	2	1	2	2	1	1	2	2	2	2
NA11919	1	1	2	2	2	2	1	1	1	2	1	2	2	1	1	1	2	2	2	1	2	1	2	1	1	2	1	2	1	1	2	1	2	1	2	1	1	1	1	2	2	2	2	2	1	1	1	1	2	2
NA11920	2	2	1	2	1	1	1	1	1	1	1	1	1	2	1	1	1	1	2	1	2	2	2	1	2	2	1	1	2	2	1	1	2	2	2	2	1	2	2	2	1	2	2	1	1	2	1	2	2	1
NA11930	2	1	1	2	1	2	1	1	1	1	1	1	2	2	2	1	2	1	1	1	2	2	2	1	1	2	1	1	1	2	1	2	1	1	2	2	2	2	1	1	2	2	1	1	1	2	1	1	2	1
NA11932	1	1	2	2	2	1	2	1	1	2	2	1	2	2	1	1	2	2	2	2	1	1	1	2	2	2	1	2	1	2	1	1	1	1	1	2	2	2	2	1	2	2	1	2	2	2	1	2	2	1
NA11933	1	1	1	2	2	1	1	2	1	2	2	1	1	2	2	1	2	2	2	2	2	1	1	1	2	1	2	2	1	2	2	2	1	1	2	1	1	2	2	1	1	1	2	2	2	1	1	1	1	1
NA11992	1	1	1	2	2	1	2	1	1	2	1	1	1	2	1	1	1	2	1	1	1	1	1	1	1	1	1	2	1	1	2	1	1	1	1	1	1	1	1	1	1	1	2	1	1	2	1	2	1	1
NA11994	2	2	1	1	1	1	2	1	2	2	2	2	2	2	1	1	2	1	2	2	2	2	2	1	1	2	1	2	1	1	2	1	1	1	1	2	2	2	2	1	2	1	2	1	1	2	1	1	2	1
NA11995	2	2	1	1	2	2	2	1	1	1	2	1	2	1	2	2	1	2	1	1	1	2	2	1	2	1	1	2	1	1	1	1	1	1	2	2	2	1	2	1	2	2	1	1	2	2	1	1	1	2
NA12003	2	2	1	2	2	2	1	1	2	1	2	1	2	2	1	2	2	2	1	1	2	2	2	2	2	1	2	2	1	2	1	2	1	1	1	2	2	2	2	1	2	1	2	1	1	2	2	1	2	1
NA12004	1	1	1	1	2	2	2	2	2	2	2	2	2	1	1	2	2	2	1	1	1	1	1	1	1	1	2	1	2	1	2	2	2	2	1	1	2	1	2	1	1	2	2	1	1	1	1	2	2	2
NA12005	2	2	1	2	2	2	2	1	1	1	1	2	2	2	2	2	2	1	2	2	1	2	2	1	1	2	2	1	2	1	2	2	2	2	1	2	1	1	2	2	2	1	2	1	1	2	1	1	2	1
NA12006	2	1	2	1	2	1	1	1	2	1	2	1	1	1	2	2	2	1	2	2	1	2	1	2	2	2	1	2	2	2	2	2	1	1	2	2	2	2	2	1	1	2	2	2	2	1	1	1	1	2
NA12043	1	2	1	1	1	2	2	1	2	1	1	2	2	1	1	2	2	1	1	2	2	1	1	1	2	2	2	1	1	2	2	1	2	1	2	1	1	1	2	2	1	1	1	1	2	1	1	2	1	1
NA12044	2	2	2	1	1	1	1	1	1	1	1	2	2	1	2	1	1	2	1	1	2	2	1	2	1	1	1	1	2	2	2	1	2	2	2	1	2	2	2	1	1	1	1	1	2	2	1	1	2	1
NA12046	2	2	2	2	2	2	1	2	2	1	2	2	1	1	1	1	1	1	2	1	1	1	1	2	1	1	1	2	1	1	1	2	1	2	1	1	2	1	1	1	1	2	1	2	2	2	1	1	1	1
NA12058	2	1	1	2	2	2	1	1	1	2	2	2	2	2	2	2	2	2	2	1	1	2	1	2	1	2	2	2	1	1	2	2	1	2	1	1	2	1	2	1	2	1	2	1	1	2	1	2	1	2
NA12144	2	2	1	2	1	1	2	2	1	2	2	1	2	2	1	1	2	2	2	2	1	2	2	2	2	1	2	1	2	1	1	1	2	1	2	1	2	1	2	1	2	2	2	1	1	2	2	1	1	1
NA12154	2	2	1	1	2	1	2	2	2	1	2	1	1	1	2	1	2	2	2	2	1	1	2	2	1	2	1	1	1	2	1	1	1	1	1	1	1	1	1	1	1	2	2	1	2	2	2	1	2	2
NA12156	1	1	1	1	1	2	2	1	2	2	1	1	1	1	1	2	1	2	2	2	1	1	2	1	2	2	2	1	2	1	2	1	1	1	1	1	1	1	2	1	1	2	1	1	2	1	1	2	1	1
NA12234	1	1	1	1	1	1	2	2	2	2	1	2	1	1	1	1	2	2	1	1	2	2	2	1	1	2	1	2	2	2	1	1	1	1	2	2	2	1	2	1	1	1	2	1	2	1	1	1	2	2
NA12249	2	2	2	2	1	2	2	1	2	2	2	1	1	1	1	2	1	1	1	1	1	1	2	2	1	1	2	1	2	1	1	1	2	1	1	2	2	2	1	2	2	2	2	2	1	2	1	1	2	2
NA12272	1	2	2	2	1	2	1	1	1	2	1	2	2	2	2	1	2	2	2	1	1	1	1	2	2	1	2	1	1	2	1	2	2	1	1	1	1	2	1	2	1	2	2	1	2	1	1	1	1	2
NA12273	1	2	1	1	2	1	2	2	1	2	1	2	2	1	2	1	2	1	2	2	1	2	1	1	1	1	2	1	2	2	1	1	2	2	2	2	2	1	1	1	1	2	2	1	1	1	1	2	1	1
NA12275	1	1	1	2	1	2	1	1	2	2	1	1	1	2	2	2	1	1	2	1	2	2	2	1	1	2	2	2	1	1	2	1	1	2	2	2	2	1	1	1	2	2	2	2	1	1	2	1	1	1
NA12282	2	1	1	1	1	1	1	2	1	1	2	1	1	1	1	1	2	1	2	2	1	2	1	2	2	2	1	1	2	2	1	1	1	1	1	1	1	1	1	2	1	2	1	2	1	2	1	2	2	1
NA12283	2	1	2	1	1	2	1	2	1	2	2	1	2	2	2	2	1	1	1	2	1	2	1	1	2	1	2	2	2	2	2	2	1	2	2	2	1	2	1	2	1	2	1	1	1	2	2	2	2	1
NA12286	1	1	1	1	2	2	1	2	2	1	1	2	1	1	1	1	1	1	2	2	1	2	2	1	2	1	1	1	1	2	2	2	2	1	2	2	2	1	2	1	2	2	2	1	1	1	2	1	2	2
NA12287	2	2	2	2	2	2	2	2	1	1	2	1	1	1	2	1	2	2	2	1	2	1	2	2	2	2	1	2	1	2	2	1	1	1	1	1	2	2	2	2	1	1	1	1	1	1	2	1	1	2
NA12340	2	1	2	2	1	2	2	1	1	2	2	1	1	2	2	2	2	1	1	1	1	2	1	1	2	1	2	1	1	2	1	2	2	2	1	1	1	2	1	1	2	1	2	2	2	1	2	2	2	2
NA12341	1	1	1	1	1	2	2	1	1	2	1	1	1	1	2	1	2	2	1	1	1	2	1	2	2	1	2	2	1	2	1	1	2	1	2	2	1	1	2	1	1	1	2	1	2	2	1	1	1	1
NA12342	2	1	1	2	1	1	1	2	2	1	1	1	2	2	1	2	2	1	2	2	2	2	2	1	1	1	2	2	2	2	2	1	2	2	1	1	1	2	2	1	1	2	2	1	2	2	1	2	1	1
NA12347	1	2	1	1	1	1	1	2	1	2	1	2	1	2	1	2	2	1	1	2	2	2	2	1	1	2	2	2	2	1	1	2	1	2	1	1	1	1	2	2	2	2	1	2	1	2	2	1	1	2
NA12348	1	2	1	1	2	2	1	1	2	2	1	1	1	1	1	2	2	2	2	2	1	1	1	1	2	1	2	2	2	2	1	2	2	2	2	1	1	2	2	1	1	1	1	2	1	2	2	2	1	1
NA12399	2	1	2	2	1	2	2	1	1	1	1	2	1	2	2	1	2	1	2	2	1	1	2	1	2	2	2	1	2	1	1	2	1	1	1	1	1	1	2	2	2	1	1	1	1	2	2	1	2	1
NA12400	2	2	2	1	2	2	2	2	1	1	1	1	1	2	1	1	1	2	2	2	2	1	1	2	2	1	1	2	2	2	2	2	2	2	2	1	2	1	1	1	1	1	2	2	2	2	1	1	1	1
NA12413	1	2	2	2	2	1	1	1	1	2	2	2	2	1	1	2	2	1	2	2	1	1	2	1	1	2	2	1	1	1	2	2	2	2	2	2	2	2	2	2	2	2	1	2	2	2	2	1	2	1
NA12414	1	1	1	1	2	2	2	2	2	1	2	1	2	1	1	1	1	2	1	1	2	2	2	1	2	1	2	1	2	1	2	2	2	1	2	1	1	1	1	1	1	1	1	2	1	1	2	2	2	2
NA12489	1	2	1	2	2	2	1	1	1	2	1	1	1	2	1	1	2	1	2	2	1	2	1	1	2	1	2	1	1	2	2	2	2	2	2	1	1	1	2	2	1	1	2	1	2	1	1	2	1	1
NA12546	2	1	2	1	1	2	2	1	2	2	1	1	1	1	1	2	2	1	1	2	1	1	1	1	1	1	2	1	1	1	2	2	1	1	2	2	2	2	2	1	2	1	2	1	2	2	1	2	1	1
NA12716	2	1	2	2	1	2	2	1	2	2	1	1	1	1	1	1	1	1	2	2	1	1	1	2	1	2	1	2	2	1	2	2	2	1	2	2	1	2	2	2	2	2	2	1	2	2	2	1	2	1
NA12717	2	2	2	2	2	2	2	1	2	2	1	1	1	1	1	1	1	2	1	1	1	2	1	1	1	2	1	1	1	1	1	2	1	1	2	1	1	2	1	1	1	2	2	2	2	2	2	2	2	1
NA12718	1	2	1	2	2	1	2	1	2	2	2	2	2	2	2	1	1	1	1	2	2	1	2	2	1	2	2	1	2	1	1	2	2	2	2	1	1	1	2	2	1	1	2	2	1	1	2	2	2	2
NA12748	2	2	2	1	1	1	1	2	1	1	2	2	2	1	2	1	1	2	1	1	1	1	2	2	2	1	1	2	2	2	2	1	1	1	2	1	1	1	2	2	2	2	1	2	1	2	2	2	1	1
NA12749	2	2	1	2	2	2	2	1	2	2	2	2	2	1	1	1	1	1	2	2	2	2	2	2	2	2	2	2	2	2	1	2	2	1	1	2	2	1	2	2	1	2	2	2	2	2	1	2	1	2
NA12750	1	1	1	2	1	1	1	2	2	1	1	1	2	1	2	2	1	1	1	2	2	1	2	2	1	2	1	1	2	1	2	1	1	2	2	1	2	2	1	2	2	2	1	2	1	2	2	1	2	1
NA12751	1	2	2	2	2	1	2	1	2	2	2	1	1	1	2	1	1	2	1	1	1	1	2	1	1	2	1	2	1	1	1	2	2	1	1	1	2	2	2	1	1	1	1	2	1	1	1	1	1	1
NA12761	1	2	1	1	2	1	2	2	2	2	2	1	2	2	1	2	2	1	2	1	1	2	1	2	1	2	1	2	2	2	1	1	1	1	2	2	2	2	1	2	1	1	1	1	2	1	2	2	2	2
NA12762	2	2	2	2	1	2	2	1	1	1	2	1	2	2	2	2	1	2	2	1	2	1	2	2	1	1	2	2	1	2	2	2	2	2	1	1	1	2	2	2	2	2	1	2	1	2	2	2	1	2
NA12763	1	2	2	1	1	2	1	1	2	1	1	2	2	1	2	2	2	1	2	2	2	1	2	2	2	2	2	1	1	1	1	1	2	2	1	1	2	1	2	2	2	1	1	1	1	2	2	2	1	2
NA12775	2	1	2	1	1	1	2	1	2	1	1	1	2	1	2	2	2	1	1	1	2	2	1	1	2	1	1	1	1	2	1	1	2	2	2	1	2	2	1	2	2	1	1	1	1	1	1	2	1	1
NA12776	1	1	1	1	2	1	1	2	1	1	1	1	2	1	1	2	2	1	2	1	2	2	1	1	1	1	2	1	2	2	2	2	1	2	1	2	2	2	2	1	2	1	2	1	2	2	1	2	1	1
NA12777	1	2	2	2	1	2	1	1	1	2	2	2	2	1	1	2	2	2	1	1	2	2	2	2	1	1	2	2	2	2	2	1	1	1	2	1	2	2	1	2	2	2	2	2	2	1	1	2	2	1
NA12778	1	1	1	2	2	2	2	1	1	2	1	1	1	1	1	1	1	2	2	1	1	2	2	2	1	2	1	1	1	1	2	2	1	1	1	1	1	2	2	2	1	1	2	2	1	2	2	2	2	1
NA12812	2	2	2	2	1	2	2	1	2	2	1	2	1	1	1	2	2	1	2	1	1	1	2	2	2	1	1	2	1	2	2	2	2	2	1	1	1	2	2	2	1	1	2	2	2	2	1	2	1	2
NA12813	2	2	1	1	2	1	1	2	1	2	1	1	2	1	1	2	1	2	1	1	1	2	2	2	2	1	2	1	2	1	2	2	2	2	1	1	2	2	2	1	2	2	2	1	2	2	1	1	2	1
NA12814	2	2	2	1	1	1	1	1	2	1	2	1	1	2	1	2	1	2	2	2	2	1	1	1	1	2	1	2	2	2	1	1	2	1	1	1	2	2	2	2	1	2	2	2	1	1	1	2	2	2
NA12815	2	2	2	2	2	2	2	2	1	1	1	2	2	1	2	2	2	1	1	2	1	2	2	1	1	2	2	1	1	2	1	1	1	2	2	2	2	1	1	2	1	2	2	1	2	1	1	2	2	1
NA12827	2	1	1	1	1	1	2	1	1	2	2	2	1	2	1	2	2	1	2	2	2	2	2	1	1	1	1	1	1	1	1	1	2	1	2	1	2	1	1	2	2	1	2	2	2	1	1	2	1	2
NA12828	2	2	1	1	2	1	2	2	2	1	2	1	1	2	2	1	2	2	2	1	2	2	1	1	2	1	1	2	1	2	2	2	1	1	1	1	2	1	2	1	2	2	1	1	1	1	1	1	1	1
NA12829	1	1	2	1	2	1	2	2	1	2	2	2	1	1	1	1	1	2	1	2	2	1	1	2	1	2	1	1	1	1	2	2	1	1	2	2	1	2	1	1	1	2	2	1	2	2	1	2	2	1
NA12830	2	2	2	1	1	1	1	1	1	1	2	1	1	1	1	2	2	2	2	2	2	1	1	1	2	2	1	1	2	2	1	1	1	1	2	2	1	2	2	1	2	1	2	2	2	1	2	2	1	2
NA12842	1	1	1	2	2	1	2	1	2	1	1	2	1	2	2	2	1	2	2	2	2	1	2	1	1	2	2	1	2	2	1	1	2	2	1	2	2	2	2	1	1	2	1	2	1	2	1	2	2	2
NA12843	1	1	1	2	1	1	1	2	2	1	1	2	2	2	1	1	2	1	1	2	2	1	1	2	2	2	2	2	1	2	1	2	2	2	2	1	2	1	2	1	2	2	1	2	1	2	2	2	2	2
NA12872	2	1	1	1	2	1	1	1	1	1	2	2	1	1	2	1	1	1	2	2	1	1	2	1	2	1	1	1	1	2	2	1	1	1	2	2	2	1	1	1	1	2	2	2	1	1	2	1	2	1
NA12873	1	1	1	1	2	2	1	1	2	2	2	1	1	2	2	1	2	1	1	1	1	2	2	1	1	1	1	2	2	2	2	2	1	1	1	1	2	2	2	2	2	2	2	2	2	2	1	2	2	2
NA12874	1	1	2	1	1	2	2	2	2	1	1	2	2	1	1	1	2	2	1	1	1	1	2	2	2	1	2	1	1	2	1	2	1	2	2	2	2	1	1	1	1	2	2	2	1	2	2	2	2	2
NA12878	2	2	2	2	1	2	2	1	2	2	1	1	1	2	1	2	2	1	1	2	2	2	2	1	1	2	2	2	2	2	1	2	2	2	2	1	1	1	2	1	1	1	1	2	1	2	1	2	2	2
NA12889	2	1	1	2	2	1	1	1	2	2	1	2	2	2	1	2	2	2	2	1	2	2	2	1	2	2	2	1	2	1	2	2	1	1	2	2	1	1	1	1	2	2	1	2	1	2	2	1	2	1
NA12890	1	2	1	2	2	2	2	1	1	1	2	1	2	2	2	1	1	1	1	1	1	1	2	2	1	1	1	1	1	1	1	1	1	2	2	2	1	2	2	2	2	1	2	2	2	1	2	2	1	1
NA20502	2	2	2	2	1	1	2	2	1	1	2	2	2	1	2	1	2	1	1	1	1	2	1	2	1	2	1	1	2	1	2	1	1	1	1	1	2	1	2	1	1	2	1	2	1	2	2	2	1	1
NA20503	2	2	1	2	2	1	1	1	2	1	2	2	2	1	1	1	2	2	2	2	1	1	2	1	1	2	1	1	1	2	1	2	1	1	1	2	2	1	2	1	1	1	1	1	2	2	2	1	1	1
NA20504	1	1	1	2	1	1	1	1	2	2	2	2	1	2	1	2	2	1	2	1	2	2	2	2	1	1	1	1	1	2	1	2	1	1	2	2	1	2	1	1	1	2	1	2	1	1	1	1	2	2
NA20505	2	1	2	2	2	1	1	2	1	1	2	2	2	1	2	2	2	1	1	2	1	1	2	1	2	2	2	1	1	1	2	2	2	1	2	2	1	2	2	1	2	2	1	2	2	1	2	2	2	2
NA20506	2	2	2	1	2	1	2	2	2	1	2	1	1	2	1	1	1	2	2	2	1	2	1	2	1	2	1	1	1	1	1	1	2	1	2	2	1	2	2	1	1	1	1	1	2	2	1	2	1	2
NA20507	1	2	2	1	2	2	2	2	2	2	1	1	2	1	2	1	1	2	1	1	2	2	1	1	1	2	2	1	2	2	2	2	2	2	2	1	2	2	1	1	1	1	1	1	2	1	1	2	1	2
NA20508	1	1	2	1	2	1	1	2	2	1	1	2	1	1	2	1	1	1	2	2	1	2	1	2	1	1	2	2	1	1	2	1	1	1	1	2	1	1	2	1	2	1	2	2	1	1	1	1	2	2
NA20509	1	1	1	1	1	1	1	2	1	2	1	2	1	1	1	2	2	2	2	1	2	2	1	1	1	2	2	1	2	1	1	1	1	2	2	1	2	1	2	2	2	2	1	1	2	1	1	1	2	2
NA20510	1	2	2	2	1	2	2	2	1	2	1	1	2	1	1	1	1	2	1	1	1	2	2	2	1	2	2	2	1	1	1	2	2	1	2	2	2	2	1	2	1	2	1	1	1	1	2	1	1	1
NA20511	1	2	1	2	2	1	2	1	2	2	2	2	2	1	2	1	1	1	2	2	2	1	2	1	2	2	2	2	1	1	1	1	1	1	1	2	1	1	2	2	1	1	2	2	2	1	1	1	2	2
NA20512	1	2	1	1	1	2	2	1	2	1	2	2	1	2	1	1	1	2	2	1	2	1	2	1	2	2	2	1	1	2	2	2	2	2	1	2	1	1	1	2	2	1	1	2	2	1	1	2	1	1
NA20513	2	1	1	2	1	1	1	2	1	2	2	1	1	2	1	2	1	1	1	2	2	1	1	2	1	1	1	1	2	1	2	2	2	1	2	2	2	1	1	2	2	1	2	2	2	1	2	2	1	2
NA20514	1	1	1	1	1	2	1	1	1	1	2	1	2	2	1	2	1	2	2	1	1	2	1	1	1	1	2	2	2	2	1	2	1	1	2	2	1	2	1	2	1	2	2	2	2	1	2	1	1	1
NA20515	1	1	1	2	2	1	1	2	2	2	2	1	1	1	1	1	1	2	2	1	1	2	1	2	1	1	1	1	1	1	2	2	2	2	2	2	2	1	2	1	1	2	1	1	2	2	1	1	1	2
NA20516	2	2	2	1	2	1	1	2	1	1	1	1	2	2	2	1	2	1	2	1	1	1	2	1	2	2	2	1	2	1	1	1	1	1	1	2	2	2	2	2	1	1	1	1	2	1	1	1	2	2
NA20517	1	1	2	1	2	2	2	2	2	1	2	1	2	1	2	1	1	2	1	2	2	1	2	2	2	2	1	1	1	1	1	2	1	1	2	2	2	2	1	2	1	2	1	1	2	2	2	1	2	1
NA20518	2	1	2	2	1	1	1	1	2	1	1	1	2	1	2	2	1	2	1	2	2	2	2	1	2	2	1	2	2	1	1	2	2	1	1	2	1	1	2	1	2	2	1	1	1	1	2	2	2	1
NA20519	1	2	2	1	2	2	1	2	1	2	1	1	1	1	2	2	2	2	2	2	1	2	2	2	1	1	1	1	1	1	1	1	1	1	1	2	1	1	1	1	1	2	1	1	1	1	2	2	1	1
NA20520	2	2	2	2	1	2	2	2	2	1	1	2	2	1	2	1	2	1	1	2	1	2	2	2	2	1	1	1	1	1	1	2	1	1	1	1	1	1	2	1	2	1	1	1	2	2	1	1	2	1
NA20521	1	1	1	2	2	1	1	2	2	2	2	1	2	2	1	2	2	1	2	2	2	2	1	1	1	2	1	1	1	2	2	1	1	2	1	1	2	2	2	1	1	2	2	1	1	2	2	2	1	2
NA20522	1	1	1	2	1	2	2	2	2	1	1	1	1	2	2	2	2	1	2	1	1	2	1	2	2	2	1	2	1	1	2	2	2	2	2	1	2	2	1	2	1	1	1	1	1	2	2	1	1	2
NA20524	1	2	2	1	1	2	2	2	1	1	1	2	2	1	1	2	1	1	1	2	1	1	2	1	2	1	2	1	2	2	1	1	1	1	2	2	1	1	1	2	1	2	2	2	1	1	2	2	1	1
NA20525	2	1	2	1	2	1	1	2	1	2	1	2	1	2	1	1	2	2	2	2	1	1	1	1	1	2	1	2	1	2	2	1	1	2	2	2	1	2	2	2	2	2	2	1	1	1	2	2	2	2
NA20527	1	2	2	2	2	2	1	2	2	1	1	1	1	1	1	2	1	1	1	1	2	2	2	2	2	1	1	1	2	1	1	1	2	2	2	2	1	1	1	1	1	1	1	1	1	1	1	2	2	1
NA20528	2	1	1	2	1	2	2	2	1	1	1	2	2	1	1	2	1	1	2	1	2	1	1	1	1	2	1	2	1	2	1	1	1	2	2	1	2	1	2	2	2	1	1	2	2	1	2	1	1	1
NA20529	2	1	2	2	1	2	1	1	1	2	2	1	2	1	2	2	1	1	1	2	2	1	2	2	2	1	2	2	1	2	1	1	1	1	1	1	1	2	1	1	2	2	1	1	1	1	2	1	1	1
NA20530	1	1	1	1	2	1	2	2	1	2	1	1	2	1	2	1	2	2	2	1	1	1	1	1	2	1	1	1	1	1	2	2	2	1	2	1	2	2	2	2	2	2	1	1	2	1	2	1	2	2
NA20531	2	2	1	1	1	2	2	2	1	1	2	2	1	1	1	1	2	1	2	1	1	1	1	1	2	2	1	1	1	2	1	1	2	2	2	2	1	1	2	1	2	2	2	2	1	2	2	1	2	2
NA20532	1	1	1	1	2	2	1	1	2	1	1	1	2	2	1	2	1	1	2	1	1	1	1	1	1	2	1	2	1	1	2	1	2	2	1	2	1	1	1	2	1	2	2	1	1	2	2	1	1	2
NA20533	1	2	2	1	1	1	1	2	2	2	2	2	2	2	1	1	2	1	1	2	2	1	1	1	2	2	1	2	1	1	1	2	2	2	2	1	1	1	1	2	1	1	1	1	1	1	2	1	2	1
NA20534	2	1	2	1	1	1	2	1	1	2	2	1	1	1	1	1	2	1	1	2	2	1	1	1	1	2	1	2	2	1	2	2	1	2	2	2	2	2	1	1	2	2	1	2	1	1	1	2	1	2
NA20535	2	2	2	1	1	2	2	2	2	1	2	2	2	1	2	1	1	2	1	2	2	1	1	1	1	1	2	2	1	2	1	2	1	1	2	1	1	2	1	1	1	1	2	2	1	2	2	1	2	1
NA20536	1	1	2	2	1	1	2	2	2	1	2	2	1	2	1	1	2	2	1	1	2	1	1	1	1	2	1	1	1	1	1	2	1	1	2	1	2	1	1	2	1	2	2	2	2	2	1	2	2	1
NA20538	2	2	1	2	2	2	1	1	1	1	2	1	2	2	2	1	1	2	2	2	2	2	2	2	1	1	2	2	1	2	2	1	1	2	2	1	1	2	2	1	2	1	2	2	2	1	1	2	1	1
NA20539	2	1	1	2	2	2	2	2	1	2	1	1	1	2	2	2	1	1	2	1	2	2	2	2	2	1	1	2	1	2	2	2	2	1	2	1	1	1	2	2	2	2	2	2	1	2	2	2	2	2
NA20540	1	2	2	1	2	1	1	1	2	2	2	2	2	2	2	1	1	1	2	1	1	1	1	2	2	1	1	2	1	2	2	2	1	2	1	2	1	1	2	2	2	2	1	1	2	1	2	1	1	1
NA20541	1	1	2	1	1	2	1	2	1	1	1	2	1	1	1	1	1	1	2	1	1	1	2	2	1	2	2	1	2	1	1	1	1	2	2	2	1	2	1	1	2	1	2	1	2	1	1	2	1	2
NA20542	2	2	1	2	1	1	1	2	1	2	1	1	2	2	1	1	2	1	2	2	1	1	1	1	1	1	1	2	1	1	2	2	2	2	1	1	2	1	2	1	1	1	2	1	1	1	2	2	2	1
NA20543	2	1	1	2	2	2	1	1	1	1	2	2	2	1	1	2	2	1	1	2	2	2	1	2	1	1	2	2	2	2	1	2	2	1	2	1	2	1	1	1	2	1	1	1	2	2	2	2	1	2
NA20544	1	2	2	2	2	1	1	2	1	1	1	2	1	1	1	1	2	2	2	1	1	2	1	1	1	2	1	2	2	2	2	2	1	1	2	1	1	2	2	2	2	2	2	1	2	2	2	2	1	1
NA20581	1	2	2	1	1	1	2	2	2	1	1	1	2	1	1	1	1	2	2	1	2	2	1	1	2	2	1	1	1	2	2	1	1	1	1	2	2	2	1	1	1	2	2	2	2	1	1	2	1	2
NA20582	1	1	2	1	1	2	2	2	1	1	1	1	1	1	1	1	2	1	2	2	2	1	1	1	1	1	2	2	1	2	1	1	1	1	2	2	2	2	1	1	2	2	1	2	2	1	2	2	2	1
NA20585	2	2	2	2	2	2	1	2	2	1	2	1	1	1	2	1	2	1	1	2	2	2	2	2	1	2	2	1	2	1	2	2	2	2	1	2	2	1	1	1	1	1	1	1	1	2	1	2	1	2
NA20586	1	2	2	1	2	2	2	1	1	2	1	2	1	2	2	2	1	2	2	2	2	2	1	2	1	1	1	1	2	1	1	1	1	2	2	1	2	1	1	2	2	2	1	2	1	2	2	2	2	1
NA20587	2	2	1	2	2	2	2	2	1	2	1	2	2	2	1	2	1	2	1	1	2	1	1	2	1	1	2	2	1	1	1	1	2	2	1	1	1	2	2	1	1	2	2	1	2	1	1	2	1	2
NA20588	2	1	1	1	1	1	2	1	2	2	1	1	1	2	2	1	2	1	2	2	1	1	2	2	2	1	2	2	1	1	1	1	1	2	1	2	2	1	1	2	2	2	2	2	1	1	1	2	2	2
NA20589	2	1	1	1	2	2	2	2	2	1	1	2	1	2	2	2	2	2	1	1	1	2	2	2	1	1	1	1	1	1	1	2	1	1	2	1	2	1	2	1	1	2	2	1	1	2	1	2	2	2
NA20752	1	1	1	2	1	2	1	1	2	2	2	1	1	2	1	1	1	2	1	1	2	1	1	2	2	2	2	2	1	2	2	1	2	2	1	1	1	1	1	2	1	2	2	1	2	1	1	2	2	1
NA20753	2	1	2	2	2	1	1	2	2	2	2	2	1	1	1	2	1	1	1	2	2	2	2	2	2	2	2	1	2	1	2	1	1	2	1	2	2	1	1	1	2	2	1	1	2	1	2	2	2	1
NA20754	2	2	1	1	1	1	1	2	1	2	1	2	2	1	1	2	2	2	1	1	2	1	1	1	2	1	2	2	2	1	1	1	2	2	2	2	2	1	1	1	1	1	1	2	2	1	2	2	1	1
NA20755	1	1	1	2	2	1	2	2	1	1	2	2	1	2	1	1	2	2	2	2	1	2	1	1	1	1	2	1	2	2	1	1	2	1	2	1	2	1	1	2	1	1	1	2	1	2	1	1	2	2
NA20756	2	2	2	1	1	1	2	2	2	1	1	2	2	2	2	1	1	2	1	1	2	2	2	2	1	1	1	1	2	1	2	1	2	1	1	1	1	2	2	2	2	2	2	2	2	2	2	1	2	2
NA20757	2	2	2	2	2	1	1	1	1	1	1	1	2	1	1	2	1	1	2	2	2	2	2	1	2	2	2	1	1	2	2	2	1	2	2	2	2	1	1	1	1	1	2	2	1	2	2	1	2	1
NA20758	2	2	1	2	2	2	1	2	2	2	2	1	1	2	2	1	2	1	1	2	1	2	2	2	1	1	1	2	2	2	1	2	2	1	2	1	1	2	1	1	1	1	1	1	2	1	1	2	2	2
NA20759	1	2	1	2	1	1	2	1	1	2	2	1	2	1	1	1	1	1	2	2	1	2	2	1	1	1	2	1	1	2	2	2	1	2	2	1	1	2	1	2	1	2	1	2	1	1	2	1	1	1
NA20760	1	1	1	1	2	2	1	2	1	1	1	2	2	1	1	2	1	1	1	2	2	1	1	2	2	2	1	2	2	1	1	2	1	1	2	2	1	2	2	1	1	2	2	2	2	1	2	1	2	2
NA20761	2	1	1	1	2	1	1	2	1	2	2	1	1	2	2	1	2	1	1	1	2	2	1	2	1	2	1	2	1	2	1	1	2	1	1	2	2	1	2	2	2	1	2	1	1	2	1	1	1	2
NA20762	2	2	2	2	2	1	1	2	2	1	1	2	1	2	1	1	2	1	1	1	2	1	2	2	2	1	1	2	1	1	1	2	1	1	2	2	2	2	2	2	2	2	1	2	2	2	2	2	1	1
NA20763	1	2	2	2	1	2	1	2	2	1	2	1	2	2	2	1	2	1	1	1	2	1	1	2	2	1	2	1	2	2	1	1	1	2	1	2	1	1	1	2	2	1	1	2	1	2	1	2	1	2
NA20764	2	2	1	2	2	2	1	2	1	2	1	1	2	1	1	2	2	1	2	1	2	1	1	2	1	1	2	2	2	1	1	2	2	2	1	2	1	1	2	1	1	2	2	2	2	2	1	2	1	2
NA20765	2	1	2	1	1	1	1	2	1	2	1	2	2	2	1	1	1	2	1	1	1	1	2	1	2	1	1	2	2	1	2	1	2	2	2	2	2	1	2	2	1	1	1	1	1	2	1	2	1	1
NA20766	1	1	1	2	1	1	2	1	2	2	2	1	2	1	1	2	1	2	2	2	2	2	2	2	2	2	2	1	1	1	1	1	1	1	2	1	2	1	2	1	2	2	2	1	2	1	1	2	2	2
NA20767	2	2	2	1	1	2	1	1	2	2	1	2	2	2	2	1	1	1	1	1	2	2	1	2	2	1	2	2	1	2	2	2	1	1	1	1	2	2	2	2	1	1	2	2	1	1	2	2	1	2
NA20768	1	2	2	2	2	1	1	2	1	2	1	1	2	1	1	1	1	1	1	1	2	2	2	2	1	2	2	2	1	2	2	1	2	1	1	1	1	2	1	2	1	1	1	2	1	2	1	1	2	1
NA20769	2	1	2	2	1	1	2	2	2	2	1	1	1	2	2	2	2	1	1	1	1	1	2	2	1	2	1	2	2	2	1	1	1	2	1	1	2	1	1	2	2	1	1	2	1	1	2	2	2	2
NA20771	2	2	2	2	2	2	2	1	2	1	2	2	2	1	1	2	1	1	1	1	2	1	2	2	2	2	2	2	1	2	1	1	2	1	1	1	1	1	2	2	2	2	1	2	2	1	2	1	2	1
NA20772	1	1	2	2	1	2	2	2	2	1	2	2	2	2	1	1	2	2	1	2	2	1	2	1	1	2	1	1	2	2	2	1	2	2	2	1	1	1	1	1	2	2	2	1	2	2	2	2	2	2
NA20773	1	1	1	1	2	1	1	2	2	2	1	2	2	2	2	1	2	1	2	2	1	1	2	2	1	1	2	1	2	1	1	1	1	2	2	1	1	1	2	1	2	2	2	2	1	1	1	1	2	1
NA20774	2	2	1	2	1	1	2	2	1	2	1	1	1	1	2	1	2	1	2	2	1	1	1	2	2	2	2	2	2	1	2	2	1	2	1	2	1	2	1	1	1	1	2	1	2	1	1	1	2	2
NA20775	2	1	1	2	1	2	2	2	1	2	2	1	2	1	1	2	2	1	2	1	1	1	1	2	1	1	1	2	2	2	1	2	2	1	1	1	1	1	1	1	2	1	1	2	2	1	2	1	2	1
NA20778	2	2	2	2	1	2	2	1	1	2	1	2	2	2	2	1	1	1	2	1	1	2	1	1	1	2	1	2	1	1	2	2	2	2	2	2	1	1	1	2	2	1	1	2	2	2	2	2	1	1
NA20783	2	1	1	2	1	2	1	2	2	1	1	2	2	1	2	2	1	2	2	2	2	2	1	1	2	1	1	1	1	2	1	1	2	1	2	2	1	2	1	1	2	1	1	2	1	1	2	2	1	1
NA20785	1	1	1	1	1	2	2	2	1	2	1	2	1	2	2	1	1	1	2	2	2	1	2	2	2	2	2	1	2	1	2	1	1	1	2	2	2	2	1	2	2	2	2	2	2	1	2	2	2	2
NA20790	1	1	1	1	2	1	1	2	1	2	1	1	2	2	1	2	1	2	2	1	1	2	2	1	1	2	2	2	2	2	1	2	2	2	2	1	2	1	1	2	2	2	1	1	1	1	2	2	2	2
NA20792	2	1	1	1	1	1	2	2	2	2	2	1	1	2	1	2	1	1	1	1	1	1	2	2	1	2	1	2	2	1	1	1	1	1	2	2	2	1	1	2	1	2	1	1	2	2	2	2	2	2
NA20795	1	1	2	1	2	2	1	1	2	2	2	2	2	2	1	1	1	2	2	2	2	1	2	2	2	2	2	2	1	2	1	1	1	1	1	2	2	1	2	1	2	1	1	1	1	1	2	2	1	2
NA20796	1	1	1	2	1	1	2	2	2	2	1	2	2	2	1	2	1	2	1	1	1	2	2	2	1	2	1	2	1	1	1	1	1	1	1	2	1	1	2	2	1	1	1	1	2	2	1	1	2	2
NA20797	2	2	2	2	2	2	1	1	1	2	2	2	2	2	1	2	1	2	2	1	1	1	2	1	2	1	1	2	2	2	1	1	1	1	1	1	2	2	2	2	1	1	1	2	2	1	2	2	1	2
NA20798	1	2	1	1	2	1	2	1	2	1	2	1	1	1	1	2	2	2	2	2	2	1	2	2	1	2	1	2	1	1	1	2	2	2	1	2	2	1	2	2	1	2	1	1	2	2	1	1	2	2
NA20799	1	1	1	1	1	1	2	2	2	2	1	1	2	1	2	2	1	2	1	2	1	1	1	2	1	1	1	2	1	1	1	2	2	2	2	2	2	2	1	2	2	2	1	1	1	2	1	2	1	1
NA20800	1	1	1	1	2	1	2	1	2	2	1	1	1	1	1	2	1	1	1	2	1	2	2	2	2	2	1	1	1	2	2	2	1	2	1	2	2	1	2	1	1	2	2	2	1	2	1	1	2	2
NA20801	1	2	2	2	2	2	1	2	2	1	2	1	2	2	2	2	1	1	1	1	1	2	1	1	1	2	1	2	1	2	1	1	1	2	1	1	2	2	2	1	2	1	1	1	2	1	1	1	1	1
NA20802	2	1	1	1	2	2	1	2	1	1	2	1	2	2	1	1	2	1	1	1	1	1	1	2	1	2	1	1	2	2	2	1	1	1	1	1	1	1	2	2	1	2	2	2	1	2	1	1	1	1
NA20803	2	2	1	1	1	1	1	1	1	1	1	1	2	1	1	2	1	2	1	1	1	1	2	2	1	1	1	2	1	1	1	1	2	2	1	2	2	1	2	1	1	1	2	1	2	2	1	2	2	1
NA20804	1	1	2	2	2	2	2	1	2	2	2	1	2	2	2	1	2	1	1	1	2	1	2	2	2	1	2	1	2	1	2	2	1	1	2	1	1	1	1	2	1	2	1	2	1	1	2	1	1	2
NA20805	1	2	1	1	1	1	2	2	2	2	2	2	2	1	1	1	2	2	2	2	2	1	1	1	2	2	1	2	2	2	1	2	2	1	2	2	2	2	1	2	2	1	1	1	2	1	1	2	2	1
NA20806	1	1	1	2	1	1	1	1	1	2	2	1	1	2	1	1	1	2	2	1	2	2	2	2	1	2	1	2	2	1	2	2	2	1	2	1	1	1	2	2	1	2	2	1	2	2	2	1	1	1
NA20807	2	2	2	1	1	1	1	2	2	2	1	2	1	1	1	2	2	1	2	1	1	2	2	1	2	2	1	1	1	1	2	1	1	2	2	2	2	1	2	1	1	1	2	2	1	1	1	1	2	1
NA20808	2	1	1	2	2	2	1	1	1	2	1	1	1	2	1	2	1	2	2	2	1	2	1	2	1	2	1	2	2	2	2	2	2	2	2	2	1	2	2	1	1	2	1	2	2	2	2	2	1	2
NA20809	1	1	1	1	2	2	1	2	2	1	1	1	1	2	2	1	1	2	1	1	1	1	1	2	2	1	1	2	2	1	2	1	1	2	1	2	1	2	2	1	2	1	2	2	1	2	2	2	1	1
NA20810	2	2	2	1	2	2	1	2	2	2	1	2	1	1	2	2	1	1	2	2	2	1	2	1	1	1	2	2	1	1	1	1	1	2	1	1	2	1	2	1	2	1	2	1	2	1	2	1	1	1
NA20811	1	2	2	1	2	2	2	1	2	2	2	1	2	1	1	2	1	2	1	2	2	1	1	1	2	1	2	1	1	2	1	2	1	1	1	1	2	2	1	2	1	2	2	1	1	2	2	2	1	2
NA20812	2	2	2	2	1	2	2	2	2	2	2	2	1	2	2	1	2	2	2	1	1	1	1	2	1	1	2	1	2	1	1	2	1	1	2	1	1	2	2	2	2	1	1	1	2	1	1	1	2	1
NA20813	1	2	1	2	2	2	1	2	1	1	1	2	2	2	2	2	1	2	1	1	1	2	1	2	1	2	2	1	1	2	1	1	2	1	1	2	1	1	1	1	2	1	1	2	1	1	1	2	2	2
NA20814	1	2	1	1	1	2	1	2	1	2	2	1	1	1	1	2	1	1	2	2	2	1	1	2	1	2	1	2	1	1	1	2	2	1	2	1	2	1	2	1	2	2	1	1	1	1	1	1	2	2
NA20815	1	1	2	2	1	2	2	1	1	2	1	2	2	1	1	2	1	1	1	2	1	2	1	1	1	2	2	2	1	1	1	1	1	1	1	1	1	1	1	2	1	1	2	2	1	2	1	2	1	2
NA20818	1	1	2	2	1	1	1	2	2	1	2	1	1	1	2	1	1	1	2	2	2	1	2	1	1	2	2	1	2	1	1	2	2	2	2	2	2	1	1	1	1	2	1	1	1	1	2	1	2	1
NA20819	2	2	1	1	2	1	1	2	2	2	2	2	1	2	1	2	1	2	2	1	1	1	1	1	1	2	2	2	1	1	2	2	1	2	1	2	1	2	1	1	2	1	2	2	1	2	2	1	1	2
NA20821	1	2	1	1	2	2	2	1	2	2	2	2	2	1	2	2	1	1	2	1	1	2	2	1	2	1	1	1	2	2	1	2	2	2	2	2	2	1	1	2	2	2	2	1	1	1	2	1	2	1
NA20822	2	2	2	2	2	2	2	1	2	2	2	1	2	1	2	1	1	1	1	2	2	2	1	2	1	1	2	1	2	2	1	2	1	2	2	1	2	1	2	2	1	1	2	1	1	2	1	2	1	2
NA20826	1	1	1	1	2	2	2	1	1	2	1	2	1	2	2	2	2	1	2	2	2	1	1	1	2	1	2	2	2	2	1	1	2	2	1	1	1	1	1	1	1	1	1	1	2	2	2	1	2	2
NA20827	2	2	2	1	1	2	2	2	2	1	1	1	2	1	1	1	1	2	1	1	2	1	2	1	2	2	1	2	2	2	2	1	2	1	1	1	1	1	1	2	1	1	2	2	1	1	1	1	1	1
NA20828	1	2	2	2	1	2	2	1	2	1	1	2	1	1	1	2	2	2	2	1	2	2	1	2	2	2	1	1	2	1	2	1	2	1	2	1	2	1	2	1	2	2	2	2	2	2	2	2	1	1
NA20832	1	1	1	2	1	2	1	2	2	2	1	1	2	2	1	1	1	1	1	1	1	1	1	2	1	1	1	1	2	1	1	1	1	2	2	1	1	2	1	2	2	2	1	1	1	1	2	2	2	2
